,FreeNet_pre_score,FreeNet_post_score,FreeNet_pre_rank,FreeNet_post_rank,FreeNet_delta_ranks,Reversed_pre_score,Reversed_post_score,Reversed_pre_rank,Reversed_post_rank,Reversed_delta_ranks,Independent_pre_score,Independent_post_score,Independent_pre_rank,Independent_post_rank,Independent_delta_ranks,Random_pre_score,Random_post_score,Random_pre_rank,Random_post_rank,Random_delta_ranks,dist_victim_relayer,dist_victim_vilain_pre,dist_victim_vilain_post,out_deg_victim,in_deg_villain,victim,villain,relayer
0,78,78,73,73,0,38,38,47,47,0,38,38,53,53,0,0.011130399264780965,0.011130399264780965,75,75,0,-1,3,3,3,14,75,14,81
1,320,320,97,97,0,96,96,90,90,0,96,96,90,90,0,0.03863303720344464,0.03863303720344464,93,93,0,-1,2,2,3,30,82,7,93
2,88,294,73,99,26,38,38,51,51,0,38,38,54,54,0,0.013104598522754349,0.01872085503250621,75,80,5,3,3,3,3,8,94,8,21
3,94,196,70,91,21,68,68,72,72,0,68,68,74,74,0,0.012730181422104225,0.013002484768031588,71,74,3,4,2,2,4,9,67,31,88
4,94,196,64,88,24,152,152,76,76,0,94,96,64,64,0,0.006943735321147759,0.00704584907587052,60,60,0,4,2,2,8,5,15,47,4
5,234,1874,90,100,10,198,232,85,90,5,198,232,88,92,4,0.02100139555464788,0.05439259334899078,84,98,14,1,2,2,10,16,22,12,1
6,0,616,1,100,99,0,120,1,58,57,0,90,1,56,55,0.0,0.007760645358929848,1,56,55,2,-1,3,16,0,9,98,31
7,46,662,52,100,48,104,134,61,65,4,46,134,52,83,31,0.0036760951700194017,0.01960584090677014,49,81,32,2,2,2,10,2,22,75,15
8,121,121,79,79,0,180,180,76,76,0,121,121,79,79,0,0.007182000748834201,0.007182000748834201,59,59,0,-1,2,2,11,8,33,57,50
9,0,206,1,90,89,0,14,1,29,28,0,8,1,33,32,0.0,0.0013274788113958951,1,39,38,3,-1,4,5,0,50,99,83
10,100,100,66,66,0,100,100,45,45,0,100,100,66,66,0,0.06007692569522448,0.06317437625514824,99,99,0,3,1,1,10,40,1,3,35
11,56,158,59,88,29,122,122,76,76,0,56,58,59,60,1,0.006126825283365669,0.006331052792811192,60,60,0,4,2,2,8,3,39,29,55
12,100,100,77,77,0,100,100,97,97,0,100,100,97,97,0,0.04969536063174376,0.04969536063174376,97,97,0,-1,1,1,3,1,55,78,59
13,50,666,57,100,43,48,48,54,54,0,48,48,56,56,0,0.006909697402906838,0.01589570781850982,58,80,22,2,3,3,3,6,87,26,38
14,116,732,76,100,24,120,120,78,78,0,120,120,78,78,0,0.014432077334150244,0.042104904864018515,75,95,20,2,2,2,6,8,41,20,2
15,0,0,1,1,0,0,0,1,1,0,0,0,1,1,0,0.0,0.0,1,1,0,-1,-1,-1,6,0,51,85,84
16,0,102,1,79,78,0,6,1,28,27,0,4,1,31,30,0.0,0.0007147962830593281,1,35,34,4,-1,5,3,0,58,92,61
17,2,2,26,26,0,11,11,28,28,0,2,2,26,26,0,0.00010211375472276115,0.00010211375472276115,30,30,0,-1,5,5,6,1,59,95,92
18,0,206,1,94,93,0,14,1,31,30,0,14,1,40,39,0.0,0.006058749446883829,1,56,55,3,-1,4,3,0,96,97,44
19,100,100,63,63,0,100,100,47,47,0,100,100,63,63,0,0.025119983661799246,0.02563055243541305,86,88,2,3,1,1,10,9,22,31,71
20,0,0,1,1,0,0,0,1,1,0,0,0,1,1,0,0.0,0.0,1,1,0,-1,-1,-1,2,0,98,93,69
21,434,434,98,98,0,288,288,100,100,0,288,288,100,100,0,0.0370672929643623,0.0370672929643623,94,94,0,-1,2,2,9,29,29,0,40
22,0,102,1,86,85,0,4,1,29,28,0,4,1,32,31,0.0,0.0017018959120460194,1,43,42,4,-1,5,2,1,97,50,70
23,2,208,27,90,63,7,28,27,35,8,2,24,27,47,20,3.4037918240920386e-05,0.004186663943633207,26,53,27,3,5,4,6,1,74,68,47
24,0,206,1,93,92,0,24,1,37,36,0,24,1,49,48,0.0,0.005003573981415297,1,56,55,3,-1,4,4,0,73,96,13
25,62,678,62,100,38,76,86,54,61,7,62,86,62,67,5,0.007794683277170768,0.027843017121072875,64,89,25,2,3,3,6,6,32,34,9
26,100,100,67,67,0,100,100,55,55,0,100,100,67,67,0,0.025358249089485686,0.03604615541713469,87,92,5,2,1,1,9,7,23,48,27
27,240,240,94,94,0,88,88,80,80,0,88,88,81,81,0,0.030327785152660065,0.030327785152660065,89,89,0,-1,2,2,4,22,77,9,92
28,130,746,87,100,13,72,72,84,84,0,72,72,84,84,0,0.022601177711971135,0.03100854351747847,87,90,3,2,2,2,3,18,85,30,72
29,168,374,90,99,9,72,72,80,80,0,72,72,80,80,0,0.020082371762143027,0.02382654276864427,84,87,3,3,2,2,3,18,66,5,47
30,166,782,88,100,12,210,230,78,86,8,166,230,88,93,5,0.01412573606998196,0.030327785152660065,73,90,17,2,2,2,12,8,6,8,23
31,22,638,41,100,59,70,80,41,42,1,22,58,41,57,16,0.0009190237925048504,0.005377991082065421,37,55,18,2,3,3,9,2,23,74,26
32,244,860,94,100,6,144,144,92,92,0,144,144,92,92,0,0.026753803737363423,0.041764525681609314,89,93,4,2,2,2,6,15,48,16,30
33,401,401,97,97,0,224,224,96,96,0,224,224,96,96,0,0.03601211749889377,0.03601211749889377,90,90,0,-1,2,2,8,29,42,11,85
34,44,250,56,96,40,38,38,53,53,0,38,38,55,55,0,0.006569318220497634,0.009326389598012186,60,68,8,3,3,3,3,4,64,38,90
35,96,198,71,93,22,88,88,71,71,0,88,88,71,71,0,0.009973110044589673,0.010313489226998877,70,70,0,4,2,2,4,7,53,48,56
36,0,206,1,93,92,0,14,1,33,32,0,14,1,40,39,0.0,0.010892133837094524,1,71,70,3,-1,4,3,0,60,89,37
37,18,1658,45,100,55,14,48,34,71,37,18,48,45,73,28,0.0011913271384322134,0.039415909322985804,41,94,53,1,4,2,3,4,60,64,41
38,62,162,66,91,25,32,32,70,70,0,32,32,70,70,0,0.010381565063480718,0.011640968038394772,69,71,2,4,3,3,2,9,95,31,70
39,0,102,1,79,78,0,6,1,28,27,0,6,1,31,30,0.0,0.0011232513019503727,1,38,37,4,-1,5,3,0,58,82,54
40,40,40,50,50,0,150,150,65,65,0,40,40,50,50,0,0.0026549576227917903,0.0026549576227917903,48,48,0,-1,2,2,11,1,5,53,86
41,108,210,85,94,9,48,48,65,65,0,48,48,68,68,0,0.012151536812008578,0.012389802239695021,76,76,0,4,3,3,3,14,66,14,49
42,0,1640,1,100,99,0,128,1,58,57,0,88,1,56,55,0.0,0.014364001497668403,1,74,73,1,-1,2,14,0,8,92,27
43,0,1640,1,100,99,0,112,1,57,56,0,112,1,77,76,0.0,0.018210286258892407,1,82,81,1,-1,2,11,0,33,99,32
44,40,656,45,99,54,172,192,66,69,3,40,154,45,83,38,0.0057524081827155455,0.019639878825011062,55,82,27,2,3,3,17,6,20,73,30
45,245,245,96,96,0,72,72,84,84,0,72,72,84,84,0,0.03713536880084414,0.03713536880084414,94,94,0,-1,2,2,3,30,85,7,93
46,64,664,55,100,45,128,128,69,69,0,64,128,55,77,22,0.007216038667075122,0.015555328636100617,61,78,17,2,3,3,8,4,42,72,20
47,22,22,42,42,0,46,46,37,37,0,22,22,42,42,0,0.0007828721195411688,0.0007828721195411688,35,35,0,-1,3,3,6,2,40,56,76
48,166,166,84,84,0,208,208,88,88,0,166,166,86,86,0,0.013649205214609075,0.013649205214609075,74,74,0,-1,2,2,10,9,22,27,84
49,91,707,66,100,34,90,100,61,62,1,91,100,66,67,1,0.007590455767725246,0.017869907076483203,62,80,18,2,2,2,6,6,41,35,14
50,104,720,75,100,25,174,174,76,76,0,104,174,75,85,10,0.006467204465774873,0.01143674052894925,57,70,13,2,2,2,10,5,18,47,48
51,104,720,77,100,23,172,182,85,86,1,104,182,77,91,14,0.013887470642295518,0.024337111542258077,74,86,12,2,2,2,9,6,23,34,32
52,377,2017,97,100,3,230,254,95,98,3,230,254,95,98,3,0.03553558664352088,0.060213077368188164,91,100,9,1,2,2,9,29,31,11,16
53,40,141,55,88,33,100,100,71,71,0,40,41,55,56,1,0.00704584907587052,0.00707988699411144,62,62,0,6,2,2,6,1,32,90,58
54,44,146,52,81,29,102,102,68,68,0,44,46,52,52,0,0.00707988699411144,0.007113924912352361,62,62,0,4,3,3,7,4,43,72,65
55,0,0,1,1,0,0,0,1,1,0,0,0,1,1,0,0.0,0.0,1,1,0,-1,-1,-1,8,0,39,99,59
56,0,1640,1,100,99,0,102,1,57,56,0,102,1,72,71,0.0,0.025222097416522007,1,87,86,1,-1,2,8,0,42,96,16
57,0,616,1,100,99,0,29,1,33,32,0,16,1,35,34,0.0,0.0014636304843595766,1,42,41,2,-1,3,9,0,35,93,49
58,184,184,89,89,0,276,276,90,90,0,184,184,89,89,0,0.01504475986248681,0.01504475986248681,73,73,0,-1,2,2,14,8,8,20,85
59,2,618,28,100,72,3,22,28,47,19,2,22,28,50,22,0.00013615167296368154,0.007658531604207087,30,63,33,2,5,3,2,1,95,60,26
60,6,622,29,99,70,17,39,28,31,3,6,18,29,40,11,0.00010211375472276115,0.0006126825283365669,28,35,7,2,4,3,11,2,33,58,56
61,100,100,59,59,0,100,100,46,46,0,100,100,59,59,0,0.01872085503250621,0.01872085503250621,78,78,0,-1,1,1,11,6,5,41,67
62,88,704,59,100,41,142,142,68,68,0,88,142,59,83,24,0.007113924912352361,0.01232172640321318,60,69,9,2,3,3,12,8,2,57,35
63,144,246,82,91,9,170,170,73,73,0,144,146,82,83,1,0.008747744987916539,0.0088498587426393,67,67,0,4,2,2,11,13,33,24,88
64,24,1664,47,100,53,44,96,39,62,23,24,96,47,67,20,0.0014295925661186562,0.026651689982640663,41,88,47,1,3,2,7,3,62,43,5
65,6,6,28,28,0,32,32,28,28,0,6,6,28,28,0,0.00017018959120460194,0.00017018959120460194,29,29,0,-1,4,4,16,1,4,55,91
66,16,1656,34,100,66,70,94,54,67,13,16,94,34,70,36,0.004935498144933456,0.04360257326661901,53,95,42,1,3,2,5,1,50,90,32
67,64,64,56,56,0,146,146,68,68,0,64,64,56,56,0,0.007147962830593281,0.007147962830593281,58,58,0,-1,3,3,11,7,33,62,99
68,0,0,1,1,0,0,0,1,1,0,0,0,1,1,0,0.0,0.0,1,1,0,-1,-1,-1,10,0,0,79,84
69,18,634,43,100,57,42,52,39,44,5,18,52,43,51,8,0.0013955546478777359,0.007998910786616291,39,65,26,2,3,3,6,2,59,74,48
70,22,1662,45,100,55,28,72,43,76,33,22,72,46,78,32,0.002110350930937064,0.057558119745396374,44,98,54,1,3,2,3,2,96,52,10
71,0,0,1,1,0,0,0,1,1,0,0,0,1,1,0,0.0,0.0,1,1,0,-1,-1,-1,2,0,97,93,67
72,172,378,88,100,12,88,88,71,71,0,88,88,71,71,0,0.019980258007420267,0.02110350930937064,85,86,1,3,2,2,4,18,53,30,71
73,40,246,54,94,40,28,28,44,44,0,28,28,51,51,0,0.005446066918547262,0.009632730862180468,54,69,15,3,3,3,3,6,92,26,28
74,68,68,68,68,0,62,62,80,80,0,62,62,81,81,0,0.00976888253514415,0.00976888253514415,69,69,0,-1,2,2,3,7,94,62,40
75,414,2054,98,100,2,296,320,98,98,0,296,320,98,98,0,0.03458252493277511,0.04857210932979339,92,97,5,1,2,2,11,27,19,10,38
76,0,206,1,93,92,0,22,1,34,33,0,22,1,44,43,0.0,0.003642057251778481,1,50,49,3,-1,4,5,0,49,76,26
77,0,206,1,92,91,0,10,1,31,30,0,10,1,40,39,0.0,0.0013955546478777359,1,41,40,3,-1,4,3,0,85,89,54
78,97,97,79,79,0,32,32,64,64,0,32,32,64,64,0,0.013819394805813677,0.013819394805813677,76,76,0,-1,3,3,2,15,89,19,69
79,156,772,85,100,15,176,176,85,85,0,156,176,88,88,0,0.012900371013308825,0.014500153170632085,76,76,0,2,2,2,8,9,30,27,64
80,63,679,61,100,39,72,72,77,77,0,72,72,77,77,0,0.007352190340038803,0.02219272269308009,64,87,23,2,2,2,3,4,64,22,15
81,100,100,59,59,0,100,100,39,39,0,100,100,59,59,0,0.047074440927192894,0.047074440927192894,97,97,0,-1,1,1,14,29,16,0,99
82,18,1658,41,100,59,44,96,36,55,19,18,96,41,67,26,0.0005105687736138058,0.04142414649920011,37,97,60,1,3,2,7,2,43,63,3
83,78,179,69,93,24,56,56,76,76,0,56,56,77,77,0,0.010483678818203479,0.01058579257292624,72,73,1,5,2,2,2,4,68,72,65
84,140,740,89,100,11,32,32,69,69,0,32,32,69,69,0,0.021239660982334322,0.03151911229109228,87,92,5,2,3,3,2,19,93,15,8
85,1,103,26,72,46,7,12,26,28,2,1,3,26,31,5,0.00010211375472276115,0.0005105687736138058,30,33,3,4,6,5,7,1,46,78,71
86,8,214,37,93,56,24,24,38,38,0,8,24,37,49,12,0.000442492937131965,0.003437829742332959,35,50,15,3,4,4,4,2,73,56,35
87,0,102,1,75,74,0,21,1,27,26,0,2,1,25,24,0.0,0.0002723033459273631,1,30,29,4,-1,5,14,0,8,98,88
88,72,72,69,69,0,56,56,86,86,0,56,56,86,86,0,0.02658361414615882,0.02658361414615882,89,89,0,-1,2,2,2,6,95,35,91
89,62,268,61,96,35,64,64,64,64,0,64,64,67,67,0,0.008713707069675619,0.009122162088566664,65,66,1,3,3,3,4,6,77,34,49
90,126,742,82,100,18,180,180,80,80,0,126,180,82,86,4,0.013444977705163553,0.017393376221110316,74,79,5,2,2,2,11,8,38,17,47
91,0,102,1,77,76,0,10,1,26,25,0,2,1,25,24,0.0,3.4037918240920386e-05,1,26,25,4,-1,5,8,0,30,86,95
92,82,282,66,96,30,86,86,57,57,0,86,86,66,66,0,0.012287688484972258,0.02831954797644576,72,89,17,3,3,3,6,8,65,20,0
93,100,100,69,69,0,100,100,55,55,0,100,100,69,69,0,0.06892678443786378,0.08084005582218591,100,100,0,2,1,1,8,36,30,2,15
94,260,860,95,100,5,88,88,76,76,0,88,88,79,79,0,0.03240409816535621,0.04101569148030906,91,94,3,2,2,2,4,27,47,10,8
95,0,0,1,1,0,0,0,1,1,0,0,0,1,1,0,0.0,0.0,1,1,0,-1,-1,-1,12,0,2,67,79
96,0,1640,1,100,99,0,58,1,43,42,0,58,1,52,51,0.0,0.027060145001531706,1,91,90,1,-1,2,6,0,71,86,6
97,16,222,35,87,52,25,50,30,35,5,16,30,35,43,8,0.000442492937131965,0.003880322679464924,32,48,16,3,3,3,8,1,27,68,41
98,0,0,1,1,0,0,0,1,1,0,0,0,1,1,0,0.0,0.0,1,1,0,-1,-1,-1,3,0,64,86,92
99,86,686,72,100,28,50,50,45,45,0,50,50,56,56,0,0.008986010415602982,0.02110350930937064,69,83,14,2,3,3,5,13,45,24,6
100,118,734,80,100,20,104,104,82,82,0,104,104,82,82,0,0.012219612648490419,0.014568229007113924,73,76,3,2,2,2,5,9,80,31,43
101,0,102,1,73,72,0,11,1,25,24,0,2,1,25,24,0.0,0.00030634126416828345,1,32,31,4,-1,5,10,0,22,99,55
102,0,206,1,90,89,0,32,1,31,30,0,13,1,34,33,0.0,0.0011232513019503727,1,39,38,3,-1,4,10,0,1,80,64
103,100,100,69,69,0,100,100,55,55,0,100,100,69,69,0,0.03179141563701964,0.03179141563701964,91,91,0,-1,1,1,8,8,30,17,97
104,18,634,45,100,55,28,38,45,55,10,18,38,45,56,11,0.0015317063208414173,0.02641342455495422,44,88,44,2,3,3,3,2,60,61,11
105,77,179,68,91,23,62,62,77,77,0,62,62,78,78,0,0.010858095918853602,0.012151536812008578,67,70,3,4,2,2,3,8,58,57,53
106,100,100,61,61,0,100,100,44,44,0,100,100,61,61,0,0.023690391095680587,0.026039007454304094,86,89,3,2,1,1,12,13,6,24,53
107,16,632,35,100,65,106,126,58,60,2,16,126,35,76,41,0.003369753905851118,0.013444977705163553,51,72,21,2,3,3,11,1,5,90,33
108,0,1640,1,100,99,0,79,1,36,35,0,41,1,51,50,0.0,0.008066986623098132,1,62,61,1,-1,2,13,0,13,98,56
109,6,108,30,75,45,22,22,33,33,0,6,8,30,34,4,0.0002723033459273631,0.0004765308553728854,31,35,4,4,4,4,5,1,63,4,65
110,0,206,1,94,93,0,14,1,32,31,0,14,1,40,39,0.0,0.0040845501889104465,1,51,50,3,-1,4,3,1,66,69,47
111,98,304,78,98,20,56,56,76,76,0,56,56,77,77,0,0.01667857993805099,0.01783586915824228,81,83,2,3,2,2,2,13,68,33,74
112,149,765,84,100,16,180,180,92,92,0,149,180,84,93,9,0.010415602981721638,0.016304162837400864,69,79,10,2,2,2,8,8,15,57,72
113,6,108,29,77,48,32,32,33,33,0,6,8,29,34,5,0.0002382654276864427,0.000442492937131965,32,35,3,4,4,4,8,1,30,88,55
114,240,341,94,98,4,72,72,80,80,0,72,72,80,80,0,0.031110657272201234,0.031178733108683073,91,91,0,5,2,2,3,27,87,10,58
115,0,102,1,75,74,0,11,1,28,27,0,2,1,26,25,0.0,0.0002042275094455223,1,32,31,4,-1,5,8,0,21,98,88
116,0,616,1,100,99,0,106,1,56,55,0,58,1,51,50,0.0,0.006467204465774873,1,58,57,2,-1,3,15,0,7,99,48
117,56,262,56,94,38,126,126,69,69,0,56,62,56,57,1,0.006092787365124749,0.00707988699411144,58,58,0,3,2,2,7,3,24,29,71
118,94,195,79,95,16,32,32,63,63,0,32,32,64,64,0,0.012491915994417782,0.012491915994417782,74,74,0,6,3,3,2,14,86,14,58
119,16,632,36,100,64,36,62,34,43,9,16,62,36,53,17,0.000442492937131965,0.01746145205759216,33,83,50,2,3,3,7,1,46,4,15
120,38,244,52,95,43,56,56,47,47,0,36,56,52,59,7,0.0035739814152966403,0.01055175465468532,52,72,20,3,3,3,6,6,32,41,8
121,0,206,1,89,88,0,34,1,32,31,0,12,1,33,32,0.0,0.001940161339732462,1,42,41,3,-1,4,12,0,3,84,83
122,54,254,58,95,37,70,70,58,58,0,54,70,59,63,4,0.0068075836481840775,0.010449640899962559,60,69,9,3,3,3,5,4,63,72,62
123,130,336,88,98,10,96,96,90,90,0,96,96,90,90,0,0.021477926410020762,0.024064808196330712,88,89,1,3,2,2,3,8,75,20,41
124,100,100,70,70,0,100,100,73,73,0,100,100,74,74,0,0.028489737567650362,0.03863303720344464,91,96,5,2,1,1,6,6,71,70,41
125,6,622,28,100,72,35,128,30,59,29,6,127,28,79,51,0.00013615167296368154,0.015214949453691413,28,77,49,2,4,3,16,1,9,65,12
126,443,443,99,99,0,320,320,99,99,0,320,320,99,99,0,0.03451444909629327,0.03451444909629327,91,91,0,-1,2,2,11,29,19,0,45
127,96,96,64,64,0,94,94,62,62,0,94,94,69,69,0,0.011232513019503728,0.011232513019503728,73,73,0,-1,2,2,5,6,52,34,92
128,6,212,30,89,59,21,42,31,34,3,6,25,30,44,14,0.00013615167296368154,0.004595118962524252,31,51,20,3,4,4,9,1,54,60,34
129,190,806,91,100,9,88,88,71,71,0,88,88,71,71,0,0.021035433472888797,0.025392287007726607,86,90,4,2,2,2,4,17,53,6,29
130,174,174,87,87,0,184,184,97,97,0,174,174,97,97,0,0.015725518227305217,0.015725518227305217,78,78,0,-1,2,2,7,8,62,17,67
131,0,1640,1,100,99,0,110,1,80,79,0,110,1,84,83,0.0,0.0425814357193914,1,94,93,1,-1,2,6,0,32,67,0
132,8,214,36,94,58,18,18,36,36,0,8,18,36,44,8,0.0002723033459273631,0.005854521937438306,33,60,27,3,4,4,3,2,66,63,24
133,16,117,45,84,39,28,28,46,46,0,16,17,44,46,2,0.003165526396405596,0.003199564314646516,49,49,0,5,3,3,3,3,85,46,78
134,28,1668,43,100,57,148,222,63,72,9,28,222,43,88,45,0.0018380475850097008,0.023520201504475986,42,85,43,1,3,2,17,3,20,43,15
135,0,102,1,83,82,0,4,1,28,27,0,2,1,25,24,0.0,0.0002382654276864427,1,29,28,4,-1,5,2,0,99,36,4
136,0,0,1,1,0,0,0,1,1,0,0,0,1,1,0,0.0,0.0,1,1,0,-1,-1,-1,12,0,3,66,84
137,100,100,77,77,0,100,100,96,96,0,100,100,96,96,0,0.06399128629293033,0.06868851901017733,98,98,0,3,1,1,3,15,76,19,13
138,100,100,60,60,0,100,100,52,52,0,100,100,60,60,0,0.026004969536063176,0.033799652813233945,89,93,4,2,1,1,9,13,29,24,8
139,6,1646,30,100,70,24,128,32,71,39,6,128,30,82,52,0.0002723033459273631,0.03819054426631267,33,95,62,1,4,2,9,1,35,60,11
140,0,1640,1,100,99,0,62,1,73,72,0,62,1,74,73,0.0,0.04748289594608394,1,97,96,1,-1,2,3,0,64,97,16
141,80,1720,64,100,36,152,176,84,86,2,80,176,64,88,24,0.010824058000612683,0.04520235542394227,72,97,25,1,2,2,8,5,57,25,1
142,136,752,83,100,17,120,120,85,85,0,120,120,85,85,0,0.014704380680077607,0.021546002246502605,80,84,4,2,2,2,6,13,48,33,31
143,66,167,59,87,28,80,80,61,61,0,66,80,61,66,5,0.00881582082439838,0.00881582082439838,65,65,0,5,2,2,6,6,56,34,68
144,0,0,1,1,0,0,0,1,1,0,0,0,1,1,0,0.0,0.0,1,1,0,-1,-1,-1,3,0,87,81,36
145,0,1640,1,100,99,0,114,1,64,63,0,114,1,76,75,0.0,0.022124646856598252,1,86,85,1,-1,2,10,0,11,91,6
146,2,208,29,97,68,4,8,30,34,4,2,8,29,40,11,0.0002723033459273631,0.006092787365124749,34,62,28,3,5,4,2,1,97,88,21
147,32,238,47,93,46,84,84,46,46,0,32,38,47,50,3,0.0020422750944552232,0.002280540522141666,43,44,1,3,3,3,9,2,26,52,88
148,72,72,58,58,0,86,86,56,56,0,86,86,62,62,0,0.00789679703189353,0.00789679703189353,63,63,0,-1,3,3,6,7,51,48,98
149,0,0,1,1,0,0,0,1,1,0,0,0,1,1,0,0.0,0.0,1,1,0,-1,-1,-1,5,1,49,45,80
150,0,616,1,100,99,0,28,1,45,44,0,28,1,53,52,0.0,0.01494264610776405,1,80,79,2,-1,3,3,0,87,96,12
151,32,32,43,43,0,84,84,42,42,0,32,32,43,43,0,0.0030293747234419145,0.0030293747234419145,48,48,0,-1,3,3,9,2,29,83,86
152,0,616,1,100,99,0,52,1,39,38,0,52,1,50,49,0.0,0.011504816365431091,1,71,70,2,-1,3,6,0,56,40,37
153,0,1640,1,100,99,0,46,1,81,80,0,46,1,82,81,0.0,0.06661220599748119,1,98,97,1,-1,2,2,0,98,67,11
154,40,40,47,47,0,45,45,39,39,0,40,40,47,47,0,0.006977773239388679,0.006977773239388679,56,56,0,-1,2,2,6,1,51,78,36
155,0,616,1,100,99,0,144,1,62,61,0,127,1,79,78,0.0,0.015146873617209572,1,77,76,2,-1,3,14,0,16,98,18
156,6,212,33,92,59,26,26,35,35,0,6,12,33,36,3,0.0010211375472276116,0.002552843868069029,40,47,7,3,4,4,5,1,88,71,53
157,6,212,33,94,61,8,12,33,39,6,6,12,33,41,8,0.0004765308553728854,0.0026209197045508697,37,48,11,3,4,4,2,1,90,88,94
158,0,0,1,1,0,0,0,1,1,0,0,0,1,1,0,0.0,0.0,1,1,0,-1,-1,-1,6,0,69,80,36
159,0,616,1,100,99,0,40,1,47,46,0,40,1,55,54,0.0,0.011062323428299126,1,74,73,2,-1,3,4,0,47,93,8
160,187,393,89,98,9,128,128,92,92,0,128,128,92,92,0,0.020661016372238675,0.021614078082984444,83,84,1,3,2,2,5,15,50,19,71
161,100,100,81,81,0,100,100,96,96,0,100,100,96,96,0,0.053473569556485925,0.06079172197828381,99,99,0,3,1,1,3,3,92,46,20
162,16,222,34,90,56,44,54,33,33,0,16,28,34,45,11,0.0002723033459273631,0.00176997174852786,32,42,10,3,3,3,12,1,14,95,75
163,0,0,1,1,0,0,0,1,1,0,0,0,1,1,0,0.0,0.0,1,1,0,-1,-1,-1,7,0,43,66,36
164,0,616,1,100,99,0,56,1,40,39,0,56,1,51,50,0.0,0.015725518227305217,1,78,77,2,-1,3,6,0,71,79,5
165,112,1752,76,100,24,60,104,48,79,31,60,104,61,80,19,0.013513053541645392,0.05200993907212635,74,97,23,1,3,2,5,14,63,14,10
166,198,398,96,100,4,32,32,63,63,0,32,32,65,65,0,0.029681064706082574,0.03444637325981143,92,93,1,3,3,3,2,30,98,7,44
167,2,1642,27,100,73,14,150,28,69,41,2,150,27,85,58,6.807583648184077e-05,0.03778208924742163,28,94,66,1,5,2,11,1,38,68,2
168,50,256,66,98,32,12,12,40,40,0,12,12,42,42,0,0.00704584907587052,0.01153885428367201,66,73,7,3,4,4,2,9,90,31,62
169,22,1662,45,100,55,52,86,42,61,19,22,86,45,65,20,0.0017359338302869397,0.028932230504782327,44,89,45,1,3,2,7,2,62,52,5
170,6,212,28,92,64,32,44,28,31,3,6,12,28,31,3,0.00017018959120460194,0.0010211375472276116,29,37,8,3,4,4,16,1,4,55,71
171,492,492,99,99,0,168,168,95,95,0,168,168,95,95,0,0.046359644644133564,0.046359644644133564,96,96,0,-1,2,2,6,36,41,2,76
172,2,2,26,26,0,9,9,26,26,0,2,2,26,26,0,0.0,0.0,1,1,0,-1,5,5,8,1,42,68,69
173,0,0,1,1,0,0,0,1,1,0,0,0,1,1,0,0.0,0.0,1,1,0,-1,-1,-1,11,0,33,79,80
174,100,100,67,67,0,100,100,54,54,0,100,100,67,67,0,0.043908914530787296,0.043908914530787296,98,98,0,-1,1,1,8,19,27,15,66
175,78,180,63,89,26,106,106,71,71,0,78,80,63,63,0,0.009598692943939549,0.009734844616903231,68,69,1,4,2,2,7,4,43,38,60
176,304,920,98,100,2,158,158,95,95,0,158,158,95,95,0,0.03213179481942884,0.051499370298512544,92,96,4,2,2,2,6,22,59,9,10
177,0,616,1,100,99,0,54,1,38,37,0,40,1,54,53,0.0,0.005684332346233704,1,56,55,2,-1,3,8,0,21,76,48
178,6,6,31,31,0,12,12,37,37,0,6,6,31,31,0,0.004288777698355968,0.004288777698355968,51,51,0,-1,4,4,2,1,99,90,50
179,16,632,40,100,60,50,60,47,48,1,16,60,40,58,18,0.002144388849177984,0.04145818441744103,46,97,51,2,3,3,5,2,88,94,2
180,0,616,1,100,99,0,66,1,43,42,0,66,1,56,55,0.0,0.01327478811395895,1,76,75,2,-1,3,6,0,51,86,5
181,0,616,1,100,99,0,38,1,54,53,0,38,1,57,56,0.0,0.01412573606998196,1,77,76,2,-1,3,3,0,76,82,14
182,22,22,43,43,0,40,40,39,39,0,22,22,43,43,0,0.0020763130126961434,0.0020763130126961434,45,45,0,-1,3,3,5,2,63,75,86
183,2,618,25,100,75,6,50,25,45,20,2,50,25,52,27,0.0,0.020797168045202357,1,85,84,2,5,3,5,2,50,58,7
184,2,2,27,27,0,12,12,27,27,0,2,2,27,27,0,0.0,0.0,1,1,0,-1,5,5,11,1,33,68,86
185,82,698,61,100,39,66,66,47,47,0,66,66,55,55,0,0.008373327887266415,0.023315973995030465,63,84,21,2,3,3,6,7,71,48,18
186,32,134,46,80,34,46,46,37,37,0,32,34,46,48,2,0.0028932230504782326,0.002995336805200994,46,47,1,4,3,3,6,2,40,75,49
187,114,114,80,80,0,80,80,71,71,0,80,80,72,72,0,0.011947309302563056,0.011947309302563056,71,71,0,-1,3,3,5,9,49,27,99
188,0,616,1,100,99,0,76,1,40,39,0,76,1,59,58,0.0,0.009122162088566664,1,66,65,2,-1,3,10,0,11,40,14
189,100,100,69,69,0,100,100,70,70,0,100,100,72,72,0,0.04697232717247013,0.06722488852581776,97,99,2,2,1,1,6,20,65,23,16
190,0,206,1,93,92,0,18,1,40,39,0,18,1,44,43,0.0,0.004220701861874128,1,50,49,3,-1,4,3,0,60,76,38
191,40,656,47,100,53,170,180,68,69,1,40,86,47,55,8,0.004799346471969774,0.012594029749140543,53,69,16,2,2,2,16,1,9,90,25
192,372,372,97,97,0,208,208,88,88,0,208,208,89,89,0,0.0340719561591613,0.0340719561591613,94,94,0,-1,2,2,10,27,22,10,87
193,0,1640,1,100,99,0,46,1,80,79,0,46,1,81,80,0.0,0.056298716770482315,1,98,97,1,-1,2,2,0,90,36,32
194,264,470,92,99,7,248,248,90,90,0,248,248,92,92,0,0.019980258007420267,0.023009632730862182,81,83,2,3,2,2,11,18,38,5,73
195,66,167,68,90,22,34,34,44,44,0,34,34,55,55,0,0.007318152421797883,0.007386228258279724,65,65,0,5,3,3,4,13,72,24,78
196,46,252,48,90,42,178,178,69,69,0,46,52,48,50,2,0.002314578440382586,0.002382654276864427,44,45,1,3,2,2,14,2,25,61,60
197,72,688,66,100,34,70,70,59,59,0,70,70,66,66,0,0.008101024541339052,0.037475747983253344,66,92,26,2,3,3,5,6,80,34,3
198,226,226,91,91,0,144,144,92,92,0,144,144,92,92,0,0.023009632730862182,0.023009632730862182,86,86,0,-1,2,2,6,18,48,5,69
199,32,648,44,100,56,64,78,40,43,3,32,70,44,55,11,0.0012253650566731338,0.008305252050784574,37,62,25,2,3,3,8,2,27,74,48
200,44,146,57,87,30,48,48,60,60,0,48,48,63,63,0,0.0068075836481840775,0.006909697402906838,61,61,0,4,3,3,3,7,58,62,55
201,232,334,94,99,5,72,72,80,80,0,72,72,80,80,0,0.03315293236665646,0.036080193335375606,90,92,2,4,2,2,3,27,76,10,73
202,248,248,94,94,0,168,168,99,99,0,168,168,99,99,0,0.03625038292658021,0.03625038292658021,97,97,0,-1,2,2,6,15,56,16,89
203,0,0,1,1,0,0,0,1,1,0,0,0,1,1,0,0.0,0.0,1,1,0,-1,-1,-1,5,0,61,84,97
204,1,207,26,93,67,4,20,26,34,8,1,20,26,47,21,0.00010211375472276115,0.00878178290615746,29,66,37,3,6,4,4,1,73,78,39
205,96,197,78,96,18,32,32,69,69,0,32,32,69,69,0,0.016542428265087308,0.016508390346846386,80,80,0,5,3,3,2,15,93,19,65
206,625,1241,100,100,0,368,368,100,100,0,368,368,100,100,0,0.053269342047040404,0.060587494468838286,99,100,1,2,2,2,11,36,19,2,48
207,249,849,97,100,3,56,56,86,86,0,56,56,86,86,0,0.03509309370638892,0.04350045951189625,94,97,3,2,2,2,2,29,95,0,17
208,24,24,48,48,0,46,46,45,45,0,24,24,48,48,0,0.0021784267674189047,0.0021784267674189047,47,47,0,-1,3,3,6,3,32,54,36
209,6,6,30,30,0,14,14,30,30,0,6,6,30,30,0,0.0002042275094455223,0.0002042275094455223,32,32,0,-1,4,4,6,1,74,55,79
210,0,616,1,100,99,0,28,1,45,44,0,28,1,52,51,0.0,0.008951972497362062,1,65,64,2,-1,3,3,0,87,67,38
211,360,960,99,100,1,136,136,99,99,0,136,136,99,99,0,0.04734674427312026,0.05377991082065421,95,98,3,2,2,2,4,40,78,3,8
212,51,51,55,55,0,94,94,49,49,0,51,51,55,55,0,0.004561081044283332,0.004561081044283332,55,55,0,-1,3,3,9,6,31,35,93
213,0,0,1,1,0,0,0,1,1,0,0,0,1,1,0,0.0,0.0,1,1,0,-1,-1,-1,4,0,84,82,80
214,314,914,97,100,3,272,272,95,95,0,272,272,95,95,0,0.02379250485040335,0.05408625208482249,89,99,10,2,2,2,11,19,19,15,2
215,0,616,1,100,99,0,34,1,45,44,0,34,1,51,50,0.0,0.009190237925048503,1,69,68,2,-1,3,4,0,73,87,20
216,100,100,69,69,0,100,100,55,55,0,100,100,69,69,0,0.03179141563701964,0.032165832737669764,91,91,0,3,1,1,8,8,30,17,56
217,334,950,97,100,3,240,240,97,97,0,240,240,97,97,0,0.024234997787535316,0.03182545355526056,87,91,4,2,2,2,9,19,28,15,25
218,16,632,31,100,69,144,144,63,63,0,16,50,31,50,19,0.003199564314646516,0.007998910786616291,50,63,13,2,3,3,14,3,25,46,72
219,102,308,85,100,15,46,46,84,84,0,46,46,84,84,0,0.018312400013615168,0.03427618366860683,83,93,10,3,2,2,2,8,93,8,9
220,42,658,48,100,52,130,158,61,65,4,42,158,48,86,38,0.0013955546478777359,0.022703291466693896,41,86,45,2,2,2,14,2,8,56,1
221,120,120,75,75,0,200,200,78,78,0,120,120,75,75,0,0.01065386840940808,0.01065386840940808,69,69,0,-1,2,2,11,6,5,77,50
222,12,12,37,37,0,12,12,36,36,0,12,12,37,37,0,0.0024166921951053475,0.0024166921951053475,48,48,0,-1,4,4,2,2,68,75,80
223,100,100,68,68,0,100,100,63,63,0,100,100,68,68,0,0.054494707103713534,0.054528745021954456,99,99,0,6,1,1,6,15,41,16,78
224,22,228,47,93,46,32,32,58,58,0,22,32,46,58,12,0.0018720855032506212,0.00803294870485721,45,62,17,3,3,3,2,2,68,61,27
225,2,104,27,75,48,12,18,27,28,1,2,4,27,30,3,6.807583648184077e-05,0.0002723033459273631,27,33,6,4,5,5,11,1,19,78,88
226,93,195,78,95,17,32,32,63,63,0,32,32,64,64,0,0.01681473161101467,0.016916845365737433,78,79,1,4,3,3,2,9,86,39,49
227,32,32,45,45,0,116,116,56,56,0,32,32,45,45,0,0.002382654276864427,0.002382654276864427,46,46,0,-1,3,3,14,2,16,75,84
228,28,234,45,93,48,86,90,43,45,2,28,58,45,55,10,0.002382654276864427,0.006024711528642908,46,57,11,3,3,3,10,3,36,54,26
229,166,268,90,98,8,78,78,79,79,0,78,78,80,80,0,0.023690391095680587,0.02379250485040335,86,86,0,4,2,2,4,17,72,6,55
230,0,206,1,90,89,0,18,1,31,30,0,18,1,38,37,0.0,0.002723033459273631,1,47,46,3,-1,4,5,0,50,59,35
231,100,100,70,70,0,100,100,53,53,0,100,100,70,70,0,0.05544776881445931,0.05544776881445931,100,100,0,-1,1,1,9,29,31,0,86
232,0,1640,1,100,99,0,170,1,67,66,0,170,1,82,81,0.0,0.02736648626569999,1,90,89,1,-1,2,16,0,9,84,10
233,0,0,1,1,0,0,0,1,1,0,0,0,1,1,0,0.0,0.0,1,1,0,-1,-1,-1,3,1,66,50,80
234,0,616,1,100,99,0,50,1,44,43,0,50,1,51,50,0.0,0.019367575479083698,1,85,84,2,-1,3,5,0,52,93,0
235,168,270,89,95,6,110,110,80,80,0,110,110,83,83,0,0.013989584397018279,0.01412573606998196,77,77,0,4,2,2,6,14,48,32,55
236,100,100,66,66,0,100,100,67,67,0,100,100,73,73,0,0.05915790190271963,0.08894108036352497,98,100,2,1,1,1,5,22,52,9,5
237,0,101,1,84,83,0,2,1,24,23,0,1,1,24,23,0.0,3.4037918240920386e-05,1,28,27,5,-1,6,2,0,98,87,4
238,36,652,58,100,42,22,22,49,49,0,22,22,50,50,0,0.005105687736138058,0.01589570781850982,56,80,24,2,3,3,2,6,93,35,8
239,28,130,46,80,34,90,90,46,46,0,28,30,46,47,1,0.0020422750944552232,0.0022465026039007454,45,46,1,4,3,3,10,3,11,54,60
240,314,314,98,98,0,96,96,93,93,0,96,96,93,93,0,0.03951802307770857,0.03951802307770857,95,95,0,-1,2,2,3,29,58,1,97
241,6,6,31,31,0,9,9,31,31,0,6,6,31,31,0,0.00037441710065012424,0.00037441710065012424,34,34,0,-1,4,4,3,1,85,55,50
242,96,302,71,98,27,88,88,71,71,0,88,88,71,71,0,0.009973110044589673,0.011879233466081215,70,74,4,3,2,2,4,7,53,48,94
243,0,0,1,1,0,0,0,1,1,0,0,0,1,1,0,0.0,0.0,1,1,0,-1,-1,-1,12,0,6,84,76
244,118,118,83,83,0,72,72,77,77,0,72,72,77,77,0,0.015146873617209572,0.015146873617209572,79,79,0,-1,2,2,3,9,64,27,36
245,359,359,96,96,0,136,136,98,98,0,136,136,98,98,0,0.040164743524286055,0.040164743524286055,93,93,0,-1,2,2,4,29,83,11,89
246,114,730,78,100,22,100,110,73,82,9,100,110,74,82,8,0.013547091459886314,0.042853739065318766,72,97,25,2,2,2,6,9,71,31,2
247,281,487,98,100,2,88,88,84,84,0,88,88,84,84,0,0.03618230709009837,0.037850165083903466,94,97,3,3,2,2,4,29,67,11,54
248,2,1642,26,100,74,7,90,26,66,40,2,90,26,68,42,0.00010211375472276115,0.04220701861874128,27,97,70,1,5,2,6,1,56,78,3
249,40,40,49,49,0,45,45,37,37,0,40,40,49,49,0,0.003437829742332959,0.003437829742332959,44,44,0,-1,2,2,6,1,71,68,79
250,1,617,26,100,74,3,28,26,44,18,1,28,26,49,23,3.4037918240920386e-05,0.027604751693386432,27,90,63,2,6,3,3,1,58,68,3
251,0,0,1,1,0,0,0,1,1,0,0,0,1,1,0,0.0,0.0,1,1,0,-1,-1,-1,8,1,57,69,59
252,6,622,33,100,67,30,40,39,43,4,6,40,33,50,17,0.0005786446100956465,0.008203138296061813,34,64,30,2,4,3,5,2,88,42,77
253,0,616,1,99,98,0,76,1,35,34,0,39,1,47,46,0.0,0.0040845501889104465,1,53,52,2,-1,3,12,0,6,89,22
254,12,114,35,82,47,18,18,36,36,0,12,18,35,44,9,0.002212464685659825,0.0032336022328874367,46,50,4,4,4,4,3,2,82,75,51
255,0,101,1,77,76,0,11,1,25,24,0,1,1,25,24,0.0,0.0,1,1,0,5,-1,6,11,0,33,84,68
256,100,100,64,64,0,100,100,49,49,0,100,100,64,64,0,0.0657952959596991,0.0657952959596991,100,100,0,-1,1,1,8,36,42,2,89
257,2,2,27,27,0,6,6,29,29,0,2,2,27,27,0,0.0005786446100956465,0.0005786446100956465,34,34,0,-1,5,5,3,2,94,42,69
258,0,206,1,92,91,0,10,1,28,27,0,7,1,33,32,0.0,0.0011913271384322134,1,37,36,3,-1,4,3,0,82,86,61
259,250,351,95,100,5,96,96,91,91,0,96,96,91,91,0,0.03512713162462984,0.03533135913407536,92,92,0,5,2,2,3,22,76,9,55
260,102,203,81,92,11,48,48,66,66,0,48,48,67,67,0,0.018244324177133328,0.018380475850097007,83,83,0,5,3,3,3,17,76,6,60
261,18,18,40,40,0,52,52,40,40,0,18,18,40,40,0,0.0020082371762143027,0.0020082371762143027,41,41,0,-1,3,3,6,2,56,61,66
262,0,101,1,81,80,0,4,1,25,24,0,1,1,25,24,0.0,3.4037918240920386e-05,1,26,25,6,-1,7,4,0,77,96,68
263,6,212,32,92,60,10,14,32,34,2,6,14,32,42,10,0.00017018959120460194,0.005412029000306341,31,61,30,3,4,4,3,1,76,4,34
264,0,206,1,93,92,0,9,1,31,30,0,8,1,34,33,0.0,0.002723033459273631,1,47,46,3,-1,4,3,0,55,40,83
265,210,826,86,100,14,210,220,83,85,2,210,220,86,87,1,0.01507879778072773,0.01844855168657885,73,77,4,2,2,2,12,14,2,14,90
266,0,1640,1,100,99,0,72,1,76,75,0,72,1,78,77,0.0,0.06242554205384799,1,98,97,1,-1,2,3,1,96,45,10
267,0,616,1,100,99,0,50,1,36,35,0,40,1,53,52,0.0,0.005207801490860819,1,55,54,2,-1,3,8,1,21,45,26
268,2,208,26,91,65,17,30,26,27,1,2,8,26,31,5,6.807583648184077e-05,0.0005446066918547262,26,33,7,3,5,4,16,1,4,78,49
269,110,1750,74,100,26,154,188,72,81,9,110,188,74,87,13,0.007658531604207087,0.023281936076789543,61,87,26,1,2,2,10,6,11,13,57
270,22,124,41,82,41,44,44,44,44,0,22,26,41,43,2,0.0024166921951053475,0.0034037918240920387,42,46,4,4,3,3,4,2,67,61,51
271,40,246,55,93,38,38,38,51,51,0,38,38,54,54,0,0.005616256509751864,0.0141938119064638,59,78,19,3,3,3,3,6,82,26,39
272,68,274,59,94,35,86,86,59,59,0,86,86,63,63,0,0.00878178290615746,0.012968446849790666,66,74,8,3,3,3,6,7,41,48,62
273,108,708,84,100,16,32,32,70,70,0,32,32,70,70,0,0.015453214881377854,0.030804316008032948,78,93,15,2,3,3,2,14,95,14,22
274,24,126,52,91,39,18,18,53,53,0,18,18,54,54,0,0.002280540522141666,0.0026209197045508697,46,49,3,4,3,3,2,3,97,54,63
275,56,56,56,56,0,68,68,72,72,0,56,56,66,66,0,0.007454304094761564,0.007454304094761564,62,62,0,-1,2,2,4,2,67,83,40
276,74,1714,72,100,28,32,56,69,87,18,32,56,69,87,18,0.01147077844719017,0.07290922087205147,71,98,27,1,3,2,2,9,93,27,18
277,96,198,68,92,24,56,56,44,44,0,56,56,58,58,0,0.007624493685966166,0.007726607440688927,63,63,0,4,3,3,6,13,34,24,55
278,56,158,54,87,33,196,196,73,73,0,56,58,54,55,1,0.005888559855679227,0.005990673610401988,57,58,1,4,2,2,12,3,6,29,60
279,76,692,63,100,37,34,34,39,39,0,34,34,46,46,0,0.009734844616903231,0.01497668402600497,64,76,12,2,3,3,4,13,67,24,83
280,0,206,1,92,91,0,34,1,32,31,0,34,1,46,45,0.0,0.004969536063174376,1,54,53,3,-1,4,7,1,46,50,31
281,100,100,64,64,0,100,100,49,49,0,100,100,64,64,0,0.04251335988290956,0.044419483304401104,96,96,0,2,1,1,8,15,42,16,61
282,104,720,76,100,24,110,110,77,77,0,110,110,81,81,0,0.012287688484972258,0.030463936825623743,70,90,20,2,2,2,6,9,74,31,18
283,56,1696,54,100,46,110,134,74,88,14,56,134,54,89,35,0.0035059055788147996,0.024507301133462677,49,87,38,1,2,2,6,2,41,52,31
284,88,188,73,92,19,48,48,64,64,0,48,48,66,66,0,0.012287688484972258,0.013138636440995268,73,75,2,4,3,3,3,8,85,17,43
285,88,190,60,90,30,164,164,77,77,0,88,90,60,62,2,0.007352190340038803,0.007556417849484326,61,61,0,4,2,2,10,7,36,62,55
286,0,0,1,1,0,0,0,1,1,0,0,0,1,1,0,0.0,0.0,1,1,0,-1,-1,-1,7,0,46,99,93
287,0,206,1,90,89,0,22,1,33,32,0,22,1,44,43,0.0,0.005412029000306341,1,59,58,3,-1,4,5,0,80,87,44
288,16,118,50,84,34,22,22,52,52,0,16,22,51,53,2,0.0031314884781646754,0.004220701861874128,53,55,2,4,3,3,2,3,86,46,61
289,32,648,48,100,52,100,110,45,60,15,32,64,48,57,9,0.003199564314646516,0.00707988699411144,49,61,12,2,3,3,10,2,1,83,28
290,22,123,43,80,37,40,40,39,39,0,22,23,43,46,3,0.0019741992579733825,0.0020082371762143027,44,44,0,5,3,3,5,2,63,52,58
291,40,656,55,100,45,52,72,78,83,5,40,72,64,83,19,0.007556417849484326,0.02889819258654141,62,90,28,2,2,2,3,2,85,94,12
292,6,108,30,76,46,42,42,35,35,0,6,8,30,34,4,0.0006467204465774873,0.0006807583648184077,36,36,0,4,4,4,9,2,54,42,58
293,326,532,99,100,1,88,88,80,80,0,88,88,81,81,0,0.04162837400864563,0.04680213758126553,96,96,0,3,2,2,4,40,77,3,44
294,0,101,1,81,80,0,3,1,24,23,0,1,1,24,23,0.0,3.4037918240920386e-05,1,26,25,6,-1,7,3,0,81,89,58
295,78,179,56,88,32,206,206,76,76,0,78,79,56,56,0,0.008441403723748256,0.008441403723748256,66,66,0,5,2,2,12,7,6,62,68
296,666,866,100,100,0,408,408,100,100,0,408,408,100,100,0,0.050274005241839406,0.05071649817897137,99,99,0,3,2,2,12,40,6,3,63
297,56,157,53,86,33,100,100,66,66,0,56,57,53,53,0,0.006331052792811192,0.006399128629293032,60,60,0,5,2,2,6,3,59,29,78
298,0,1640,1,100,99,0,100,1,46,45,0,100,1,62,61,0.0,0.022022533101875488,1,84,83,1,-1,2,10,0,36,76,6
299,0,616,1,100,99,0,52,1,35,34,0,28,1,42,41,0.0,0.004186663943633207,1,52,51,2,-1,3,9,0,31,40,26
300,194,794,93,100,7,112,112,96,96,0,112,112,96,96,0,0.026175159127267776,0.042683549474114166,87,94,7,2,2,2,4,16,72,12,7
301,0,206,1,92,91,0,62,1,35,34,0,32,1,46,45,0.0,0.0068075836481840775,1,60,59,3,-1,4,11,0,19,89,34
302,170,1810,88,100,12,150,174,85,94,9,150,174,89,95,6,0.017155110793423873,0.052248204499812795,82,97,15,1,2,2,7,13,46,33,11
303,104,104,75,75,0,80,80,59,59,0,80,80,63,63,0,0.009190237925048503,0.009190237925048503,66,66,0,-1,3,3,5,9,61,31,98
304,130,232,83,93,10,88,88,76,76,0,88,88,79,79,0,0.011709043874876613,0.012559991830899623,74,76,2,4,2,2,4,13,47,24,71
305,52,258,58,92,34,70,70,59,59,0,52,70,58,65,7,0.008135062459579971,0.009292351679771264,67,68,1,3,3,3,5,5,80,25,53
306,0,206,1,90,89,0,26,1,32,31,0,24,1,44,43,0.0,0.004833384390210695,1,53,52,3,-1,4,5,0,50,67,72
307,0,616,1,100,99,0,106,1,53,52,0,66,1,54,53,0.0,0.006671431975220395,1,60,59,2,-1,3,14,0,17,40,21
308,94,710,63,100,37,104,104,73,73,0,94,104,69,78,9,0.007794683277170768,0.012696143503863304,59,75,16,2,2,2,5,6,52,26,22
309,82,288,69,96,27,88,88,80,80,0,88,88,80,80,0,0.014329963579427483,0.04077742605262262,76,95,19,3,2,2,4,6,84,34,3
310,111,211,80,91,11,182,182,70,70,0,111,111,80,80,0,0.007760645358929848,0.007760645358929848,62,62,0,6,2,2,13,8,13,44,78
311,76,692,70,100,30,48,48,66,66,0,48,48,67,67,0,0.008271214132543654,0.023622315259198747,66,88,22,2,3,3,3,7,76,21,23
312,0,206,1,96,95,0,18,1,35,34,0,12,1,36,35,0.0,0.003199564314646516,1,50,49,3,-1,4,3,0,75,92,29
313,24,640,45,100,55,76,96,41,42,1,24,56,45,55,10,0.0016678579938050988,0.00442492937131965,41,55,14,2,3,3,11,3,19,43,70
314,0,206,1,92,91,0,39,1,31,30,0,7,1,32,31,0.0,0.0008169100377820892,1,36,35,3,-1,4,10,0,36,93,61
315,2,618,26,100,74,5,38,28,50,22,2,38,26,53,27,0.0002723033459273631,0.017801831240001363,33,83,50,2,5,3,3,1,82,55,5
316,1,207,26,93,67,4,20,26,36,10,1,9,26,39,13,0.0,0.003437829742332959,1,51,50,3,6,4,4,1,72,68,29
317,40,1680,51,100,49,102,136,66,77,11,40,80,51,58,7,0.0024166921951053475,0.017529527894074,47,79,32,1,2,2,8,1,10,53,90
318,18,18,48,48,0,30,30,46,46,0,18,18,48,48,0,0.0009190237925048504,0.0009190237925048504,37,37,0,-1,3,3,4,2,78,63,59
319,0,0,1,1,0,0,0,1,1,0,0,0,1,1,0,0.0,0.0,1,1,0,-1,-1,-1,3,1,66,45,40
320,183,1783,87,100,13,222,222,92,92,0,183,222,86,93,7,0.02038871302631131,0.032540249838319886,82,92,10,1,2,2,10,12,12,37,77
321,192,192,93,93,0,72,72,85,85,0,72,72,85,85,0,0.029510875114877974,0.029510875114877974,88,88,0,-1,2,2,3,19,60,15,80
322,0,616,1,100,99,0,58,1,42,41,0,44,1,49,48,0.0,0.007113924912352361,1,58,57,2,-1,3,7,0,46,81,72
323,100,100,61,61,0,100,100,43,43,0,100,100,61,61,0,0.020797168045202357,0.024405187378739916,79,85,6,2,1,1,12,7,2,62,90
324,100,100,61,61,0,100,100,44,44,0,100,100,61,61,0,0.04874229892099799,0.08587766772184213,97,100,3,1,1,1,12,30,6,7,2
325,18,224,41,92,51,74,74,44,44,0,18,26,41,46,5,0.00088498587426393,0.0015657442390823377,37,42,5,3,3,3,8,2,15,56,64
326,18,224,44,92,48,46,46,40,40,0,18,24,44,48,4,0.0005786446100956465,0.002927260968719153,35,49,14,3,3,3,6,2,44,56,90
327,74,690,66,100,34,60,70,52,61,9,60,70,62,68,6,0.009870996289866912,0.01497668402600497,70,76,6,2,3,3,5,9,45,27,22
328,0,102,1,75,74,0,10,1,27,26,0,4,1,29,28,0.0,0.0002723033459273631,1,30,29,4,-1,5,6,0,65,82,56
329,0,0,1,1,0,0,0,1,1,0,0,0,1,1,0,0.0,0.0,1,1,0,-1,-1,-1,2,0,95,86,84
330,174,774,87,100,13,144,144,70,70,0,144,144,84,84,0,0.01317267435923619,0.015997821573232582,76,78,2,2,3,3,9,14,28,32,35
331,2,208,28,95,67,4,8,30,32,2,2,8,28,37,9,6.807583648184077e-05,0.0030293747234419145,28,49,21,3,5,4,2,1,89,65,47
332,2,104,28,77,49,12,13,30,30,0,2,5,28,30,2,0.00017018959120460194,0.00030634126416828345,31,32,1,4,5,5,7,1,62,55,63
333,152,254,84,92,8,88,88,73,73,0,88,88,74,74,0,0.017052997038701112,0.017291262466387555,82,82,0,4,2,2,4,8,83,8,88
334,85,291,60,95,35,134,134,66,66,0,85,95,60,62,2,0.006875659484665918,0.00789679703189353,61,63,2,3,2,2,10,6,22,35,43
335,100,716,64,100,36,122,122,72,72,0,100,122,65,79,14,0.007318152421797883,0.019810068416215663,61,80,19,2,2,2,8,6,10,13,18
336,37,653,53,100,47,22,22,42,42,0,22,22,45,45,0,0.005037611899656217,0.03100854351747847,55,93,38,2,3,3,2,6,91,35,11
337,16,1656,35,100,65,40,96,35,53,18,16,84,35,58,23,0.0004084550188910446,0.019639878825011062,36,83,47,1,3,2,7,1,24,88,38
338,0,0,1,1,0,0,0,1,1,0,0,0,1,1,0,0.0,0.0,1,1,0,-1,-1,-1,9,0,23,87,45
339,77,179,59,87,28,76,76,55,55,0,76,76,60,60,0,0.008203138296061813,0.008373327887266415,61,63,2,4,3,3,6,8,71,44,88
340,56,262,65,98,33,56,56,86,86,0,56,56,86,86,0,0.008305252050784574,0.012389802239695021,65,74,9,3,2,2,2,2,95,52,62
341,56,56,50,50,0,204,204,73,73,0,56,56,50,50,0,0.005071649817897137,0.005071649817897137,53,53,0,-1,2,2,15,3,7,29,93
342,6,6,30,30,0,12,12,30,30,0,6,6,30,30,0,0.0004084550188910446,0.0004084550188910446,33,33,0,-1,4,4,4,1,83,88,79
343,6,622,28,100,72,31,54,31,33,2,6,22,28,42,14,0.0002042275094455223,0.003369753905851118,29,50,21,2,4,3,10,1,36,4,94
344,100,100,66,66,0,100,100,52,52,0,100,100,66,66,0,0.05017189148711665,0.05017189148711665,99,99,0,-1,1,1,8,29,15,11,96
345,6,6,30,30,0,15,15,31,31,0,6,6,30,30,0,0.00010211375472276115,0.00010211375472276115,30,30,0,-1,4,4,6,1,74,65,85
346,0,102,1,82,81,0,3,1,27,26,0,2,1,27,26,0.0,0.0002382654276864427,1,30,29,4,-1,5,2,0,68,91,88
347,100,100,66,66,0,100,100,60,60,0,100,100,68,68,0,0.033221008203138294,0.03614826917185745,90,94,4,3,1,1,7,8,43,17,29
348,210,210,90,90,0,152,152,82,82,0,152,152,86,86,0,0.02042275094455223,0.02042275094455223,82,82,0,-1,2,2,8,17,10,6,85
349,0,206,1,92,91,0,48,1,36,35,0,26,1,49,48,0.0,0.0037441710065012424,1,52,51,3,-1,4,8,1,21,69,47
350,100,100,71,71,0,100,100,79,79,0,100,100,79,79,0,0.049048640185166276,0.049048640185166276,98,98,0,-1,1,1,5,18,70,30,93
351,144,760,83,100,17,64,64,59,59,0,64,64,63,63,0,0.012730181422104225,0.033084856530174615,75,95,20,2,3,3,4,14,53,32,1
352,96,712,71,100,29,88,88,71,71,0,88,88,71,71,0,0.009973110044589673,0.022396950202525613,70,89,19,2,2,2,4,7,53,48,5
353,94,300,76,98,22,32,32,58,58,0,32,32,59,59,0,0.0160318594914735,0.023622315259198747,80,89,9,3,3,3,2,9,68,39,32
354,0,206,1,95,94,0,8,1,31,30,0,6,1,31,30,0.0,0.002552843868069029,1,46,45,3,-1,4,2,0,95,91,94
355,0,616,1,100,99,0,76,1,41,40,0,44,1,49,48,0.0,0.005377991082065421,1,53,52,2,-1,3,10,0,0,87,72
356,30,236,56,100,44,12,12,39,39,0,12,12,44,44,0,0.004663194799006093,0.010721944245889922,54,72,18,3,4,4,2,5,97,47,34
357,0,0,1,1,0,0,0,1,1,0,0,0,1,1,0,0.0,0.0,1,1,0,-1,-1,-1,9,0,35,97,76
358,22,638,44,100,56,42,52,41,47,6,22,52,44,57,13,0.0007147962830593281,0.010143299635794275,37,68,31,2,3,3,6,2,69,63,77
359,0,1640,1,100,99,0,80,1,53,52,0,80,1,62,61,0.0,0.03077027808979203,1,90,89,1,-1,2,6,0,48,40,23
360,16,222,42,95,53,28,28,43,43,0,16,28,42,49,7,0.0026889955410327104,0.009496579189216788,47,69,22,3,3,3,3,2,96,94,77
361,16,16,38,38,0,40,40,45,45,0,16,16,38,38,0,0.002212464685659825,0.002212464685659825,47,47,0,-1,3,3,5,2,37,94,50
362,6,1646,30,100,70,19,112,30,65,35,6,112,30,77,47,0.00017018959120460194,0.038905340549372,30,94,64,1,4,2,8,1,21,60,3
363,6,1646,31,100,69,27,100,32,44,12,6,60,31,55,24,6.807583648184077e-05,0.013751318969331836,27,76,49,1,4,2,11,1,19,95,62
364,220,220,90,90,0,270,270,87,87,0,220,220,90,90,0,0.012219612648490419,0.012219612648490419,70,70,0,-1,2,2,14,9,17,31,85
365,0,0,1,1,0,0,0,1,1,0,0,0,1,1,0,0.0,0.0,1,1,0,-1,-1,-1,9,0,54,99,92
366,1,617,25,100,75,3,38,25,60,35,1,38,25,62,37,0.00010211375472276115,0.030327785152660065,29,91,62,2,6,3,3,1,81,78,2
367,107,313,79,96,17,48,48,62,62,0,48,48,64,64,0,0.013036522686272508,0.018482589604819768,75,85,10,3,3,3,3,13,64,33,24
368,0,0,1,1,0,0,0,1,1,0,0,0,1,1,0,0.0,0.0,1,1,0,-1,-1,-1,15,1,7,50,87
369,405,405,98,98,0,190,190,91,91,0,190,190,91,91,0,0.036590762108989414,0.036590762108989414,96,96,0,-1,2,2,8,29,27,1,80
370,0,0,1,1,0,0,0,1,1,0,0,0,1,1,0,0.0,0.0,1,1,0,-1,-1,-1,4,0,83,85,92
371,2,1642,27,100,73,7,62,27,48,21,2,62,27,60,33,3.4037918240920386e-05,0.02127369890057524,28,86,58,1,5,2,6,1,34,78,26
372,235,441,95,100,5,72,72,84,84,0,72,72,84,84,0,0.03699921712788046,0.043160080329487045,93,95,2,3,2,2,3,29,85,0,77
373,100,100,58,58,0,100,100,38,38,0,100,100,58,58,0,0.03158718812757412,0.03240409816535621,92,92,0,3,1,1,16,19,9,15,71
374,16,632,31,100,69,144,154,63,65,2,16,38,31,43,12,0.003199564314646516,0.006024711528642908,50,57,7,2,3,3,14,3,25,46,29
375,100,100,72,72,0,100,100,87,87,0,100,100,87,87,0,0.0704584907587052,0.07066271826815072,98,98,0,4,1,1,4,27,53,10,60
376,0,616,1,100,99,0,28,1,47,46,0,28,1,52,51,0.0,0.027128220838013545,1,88,87,2,-1,3,3,0,55,84,11
377,0,616,1,100,99,0,22,1,41,40,0,22,1,45,44,0.0,0.011368664692467409,1,73,72,2,-1,3,2,0,68,97,14
378,6,622,32,100,68,14,28,32,42,10,6,28,32,48,16,0.0009190237925048504,0.01776779332176044,37,83,46,2,4,3,3,1,96,71,23
379,24,640,47,100,53,60,60,48,48,0,24,60,47,60,13,0.0021784267674189047,0.011640968038394772,47,70,23,2,3,3,5,3,63,54,17
380,32,32,46,46,0,96,96,43,43,0,32,32,46,46,0,0.0005786446100956465,0.0005786446100956465,36,36,0,-1,3,3,11,2,5,56,79
381,132,748,82,100,18,222,222,90,90,0,132,222,82,94,12,0.011913271384322134,0.033050818611933694,73,90,17,2,2,2,10,5,36,25,7
382,1,207,26,92,66,5,22,26,33,7,1,13,26,39,13,3.4037918240920386e-05,0.0020763130126961434,26,45,19,3,6,4,5,1,88,68,70
383,100,100,63,63,0,100,100,45,45,0,100,100,63,63,0,0.04748289594608394,0.04748289594608394,96,96,0,-1,1,1,11,29,19,11,97
384,359,461,97,100,3,136,136,98,98,0,136,136,98,98,0,0.03720344463732598,0.03934783348650397,93,93,0,4,2,2,4,30,79,7,83
385,63,63,58,58,0,74,74,62,62,0,63,63,60,60,0,0.005650294427992784,0.005650294427992784,55,55,0,-1,2,2,5,4,37,22,85
386,76,177,69,92,23,32,32,58,58,0,32,32,60,60,0,0.011062323428299126,0.011096361346540046,71,71,0,5,3,3,2,6,91,77,95
387,0,206,1,91,90,0,30,1,34,33,0,30,1,49,48,0.0,0.006024711528642908,1,55,54,3,-1,4,7,0,62,87,31
388,6,6,29,29,0,28,28,30,30,0,6,6,29,29,0,0.00010211375472276115,0.00010211375472276115,28,28,0,-1,4,4,10,1,18,60,96
389,82,698,69,100,31,86,96,86,86,0,82,96,86,86,0,0.009564655025698629,0.018754892950747133,66,81,15,2,2,2,3,6,87,70,38
390,56,256,64,94,30,48,48,63,63,0,48,48,64,64,0,0.009394465434494027,0.012696143503863304,71,77,6,3,3,3,3,6,82,77,26
391,0,616,1,100,99,0,34,1,42,41,0,34,1,51,50,0.0,0.00704584907587052,1,59,58,2,-1,3,4,0,83,40,44
392,164,364,86,100,14,110,110,82,82,0,110,110,83,83,0,0.020558902617515914,0.0228734810578985,85,87,2,3,2,2,6,16,56,18,41
393,6,6,30,30,0,36,36,35,35,0,6,6,30,30,0,0.0006807583648184077,0.0006807583648184077,37,37,0,-1,4,4,8,2,21,42,69
394,40,246,55,95,40,100,100,71,71,0,40,58,55,59,4,0.00704584907587052,0.010824058000612683,62,72,10,3,2,2,6,1,32,90,26
395,46,662,58,100,42,22,22,48,48,0,22,22,51,51,0,0.009088124170325743,0.01504475986248681,67,78,11,2,3,3,2,5,95,25,52
396,145,761,81,100,19,188,188,80,80,0,145,188,81,90,9,0.009905034208107831,0.016168011164437182,70,79,9,2,2,2,10,8,0,44,27
397,6,6,33,33,0,16,16,33,33,0,6,6,33,33,0,0.0004765308553728854,0.0004765308553728854,36,36,0,-1,4,4,4,1,78,49,89
398,2,104,28,85,57,3,4,28,29,1,2,4,28,33,5,0.00010211375472276115,0.00037441710065012424,30,34,4,4,5,5,2,1,93,95,4
399,0,616,1,100,99,0,34,1,45,44,0,34,1,51,50,0.0,0.021614078082984444,1,86,85,2,-1,3,4,0,73,86,1
400,0,0,1,1,0,0,0,1,1,0,0,0,1,1,0,0.0,0.0,1,1,0,-1,-1,-1,7,0,46,67,45
401,1,1,26,26,0,13,13,26,26,0,1,1,26,26,0,0.0,0.0,1,1,0,-1,6,6,13,1,13,78,97
402,2,2,29,29,0,10,10,31,31,0,2,2,29,29,0,0.00010211375472276115,0.00010211375472276115,30,30,0,-1,5,5,5,1,49,65,76
403,0,616,1,100,99,0,58,1,33,32,0,16,1,31,30,0.0,0.0025188059498281084,1,47,46,2,-1,3,14,0,17,97,46
404,334,934,100,100,0,80,80,96,96,0,80,80,96,96,0,0.05745600599067361,0.0763130126961435,98,98,0,2,2,2,2,36,86,2,0
405,2,2,27,27,0,3,3,27,27,0,2,2,27,27,0,0.0002723033459273631,0.0002723033459273631,30,30,0,-1,5,5,2,1,99,88,89
406,24,230,44,94,50,60,60,40,40,0,24,60,44,55,11,0.0013615167296368155,0.006977773239388679,40,59,19,3,3,3,9,4,35,64,44
407,34,34,47,47,0,112,112,60,60,0,34,34,47,47,0,0.0015317063208414173,0.0015317063208414173,42,42,0,-1,3,3,12,4,6,64,82
408,0,0,1,1,0,0,0,1,1,0,0,0,1,1,0,0.0,0.0,1,1,0,-1,-1,-1,2,0,90,80,89
409,0,616,1,100,99,0,90,1,43,42,0,72,1,55,54,0.0,0.009462541270975866,1,67,66,2,-1,3,10,0,18,86,17
410,128,744,79,100,21,86,86,55,55,0,86,86,60,60,0,0.012696143503863304,0.022737329384934817,75,85,10,2,3,3,6,8,40,8,39
411,138,138,84,84,0,206,206,75,75,0,138,138,84,84,0,0.012185574730249497,0.012185574730249497,71,71,0,-1,2,2,12,9,14,27,86
412,66,682,55,100,45,76,76,55,55,0,66,76,55,59,4,0.006126825283365669,0.012253650566731339,53,70,17,2,3,3,6,6,71,28,24
413,0,206,1,94,93,0,32,1,36,35,0,32,1,50,49,0.0,0.01143674052894925,1,71,70,3,-1,4,6,0,32,89,37
414,32,133,53,89,36,22,22,48,48,0,32,22,70,51,-19,0.004663194799006093,0.004731270635487933,55,55,0,5,3,3,2,3,95,29,60
415,50,256,65,99,34,12,12,37,37,0,12,12,41,41,0,0.007216038667075122,0.012117498893767658,64,71,7,3,4,4,2,9,89,31,57
416,377,477,100,100,0,192,192,99,99,0,192,192,99,99,0,0.04666598590830185,0.04697232717247013,98,98,0,4,2,2,6,29,69,11,74
417,111,727,74,100,26,94,104,62,72,10,94,104,69,78,9,0.008373327887266415,0.030600088498587426,62,91,29,2,2,2,5,8,52,57,10
418,16,222,40,92,52,28,36,38,40,2,16,36,40,50,10,0.0007828721195411688,0.009973110044589673,37,70,33,3,3,3,5,1,88,4,39
419,122,328,87,98,11,96,96,92,92,0,96,96,92,92,0,0.020354675108070392,0.02236291228428469,86,88,2,3,2,2,3,13,96,33,70
420,16,222,38,95,57,34,34,39,39,0,16,34,38,50,12,0.002927260968719153,0.0088498587426393,51,67,16,3,3,3,4,3,53,46,24
421,142,742,85,100,15,80,80,68,68,0,80,80,69,69,0,0.017257224548146634,0.038905340549372,80,94,14,2,3,3,5,17,80,6,11
422,0,616,1,100,99,0,68,1,42,41,0,68,1,55,54,0.0,0.019639878825011062,1,81,80,2,-1,3,8,0,27,99,10
423,497,2097,100,100,0,344,344,99,99,0,344,344,99,99,0,0.03441233534157051,0.047278668436638416,91,98,7,1,2,2,14,29,8,1,14
424,40,656,50,100,50,150,160,65,67,2,40,62,50,53,3,0.0026549576227917903,0.006705469893461316,48,56,8,2,2,2,11,1,5,53,29
425,100,100,71,71,0,100,100,79,79,0,100,100,79,79,0,0.03584192790768916,0.05037611899656217,92,100,8,2,1,1,5,6,70,34,15
426,0,1640,1,100,99,0,104,1,56,55,0,86,1,56,55,0.0,0.015589366554341537,1,78,77,1,-1,2,10,0,0,86,20
427,8,214,37,92,55,18,18,35,35,0,8,18,37,47,10,0.0015657442390823377,0.004186663943633207,43,54,11,3,4,4,3,2,87,83,29
428,0,616,1,99,98,0,74,1,39,38,0,62,1,55,54,0.0,0.007726607440688927,1,62,61,2,-1,3,11,0,19,93,31
429,28,28,50,50,0,34,34,43,43,0,28,28,50,50,0,0.001497668402600497,0.001497668402600497,42,42,0,-1,3,3,4,4,79,64,84
430,66,272,61,94,33,60,60,49,49,0,60,60,59,59,0,0.008169100377820893,0.008577555396711936,64,64,0,3,3,3,5,7,88,21,4
431,44,250,58,95,37,38,38,52,52,0,38,38,55,55,0,0.006501242384015794,0.013819394805813677,63,79,16,3,3,3,3,4,66,38,32
432,74,280,69,95,26,38,38,55,55,0,38,38,58,58,0,0.011096361346540046,0.0123557643214541,72,75,3,3,3,3,3,9,76,27,53
433,0,101,1,70,69,0,11,1,25,24,0,1,1,25,24,0.0,0.0,1,1,0,5,-1,6,11,0,5,86,78
434,88,189,59,86,27,164,164,73,73,0,88,89,59,60,1,0.007113924912352361,0.007147962830593281,59,59,0,5,2,2,10,7,18,62,78
435,0,616,1,100,99,0,28,1,39,38,0,28,1,48,47,0.0,0.011164437183021887,1,74,73,2,-1,3,3,0,82,97,33
436,170,170,86,86,0,96,96,64,64,0,96,96,73,73,0,0.019946220089179345,0.019946220089179345,81,81,0,-1,3,3,6,17,51,6,45
437,0,0,1,1,0,0,0,1,1,0,0,0,1,1,0,0.0,0.0,1,1,0,-1,-1,-1,8,0,42,76,50
438,0,101,1,76,75,0,17,1,25,24,0,1,1,25,24,0.0,3.4037918240920386e-05,1,25,24,5,-1,6,17,0,20,84,68
439,168,784,87,100,13,152,152,94,94,0,152,152,94,94,0,0.012764219340345145,0.032199870655910685,76,91,15,2,2,2,5,7,52,21,0
440,2,2,28,28,0,10,10,30,30,0,2,2,28,28,0,6.807583648184077e-05,6.807583648184077e-05,30,30,0,-1,5,5,6,1,69,65,67
441,40,1680,45,100,55,130,178,60,68,8,40,116,45,75,30,0.0017018959120460194,0.01409169815174104,42,72,30,1,2,2,15,1,7,49,21
442,16,222,36,91,55,96,96,44,44,0,16,96,36,62,26,0.003880322679464924,0.016099935327955343,51,77,26,3,3,3,11,1,38,90,6
443,12,218,37,96,59,18,18,36,36,0,12,18,37,44,7,0.0017359338302869397,0.003642057251778481,44,51,7,3,4,4,3,2,75,83,94
444,97,303,79,100,21,32,32,64,64,0,32,32,64,64,0,0.013819394805813677,0.03213179481942884,76,94,18,3,3,3,2,15,89,19,0
445,22,124,53,84,31,32,32,63,63,0,22,32,54,63,9,0.004833384390210695,0.004901460226692535,57,57,0,4,3,3,2,3,86,29,56
446,0,206,1,90,89,0,28,1,32,31,0,10,1,35,34,0.0,0.001055175465468532,1,38,37,3,-1,4,8,0,30,66,43
447,0,0,1,1,0,0,0,1,1,0,0,0,1,1,0,0.0,0.0,1,1,0,-1,-1,-1,3,0,76,79,67
448,0,0,1,1,0,0,0,1,1,0,0,0,1,1,0,0.0,0.0,1,1,0,-1,-1,-1,7,0,46,85,86
449,1,1,23,23,0,4,4,23,23,0,1,1,23,23,0,3.4037918240920386e-05,3.4037918240920386e-05,24,24,0,-1,6,6,4,2,67,58,81
450,32,32,51,51,0,38,38,51,51,0,38,38,54,54,0,0.0040845501889104465,0.0040845501889104465,52,52,0,-1,3,3,3,6,94,41,87
451,0,206,1,91,90,0,56,1,33,32,0,56,1,51,50,0.0,0.005990673610401988,1,54,53,3,-1,4,10,0,0,99,32
452,100,100,69,69,0,100,100,87,87,0,100,100,87,87,0,0.04649579631709724,0.05013785356887573,96,97,1,3,1,1,4,5,83,25,26
453,92,298,76,98,22,48,48,59,59,0,48,48,63,63,0,0.012866333095067906,0.02205657102011641,78,88,10,3,3,3,3,8,75,17,19
454,0,0,1,1,0,0,0,1,1,0,0,0,1,1,0,0.0,0.0,1,1,0,-1,-1,-1,3,0,94,97,86
455,16,1656,40,100,60,40,148,38,78,40,16,148,40,85,45,0.00034037918240920387,0.03863303720344464,33,96,63,1,3,2,9,1,26,88,11
456,123,329,85,99,14,62,62,77,77,0,62,62,78,78,0,0.01579359406378706,0.019163347969638176,78,84,6,3,2,2,3,14,58,32,38
457,0,101,1,77,76,0,5,1,24,23,0,1,1,24,23,0.0,0.0,1,1,0,5,-1,6,5,0,50,87,58
458,22,228,47,94,47,28,28,45,45,0,22,28,47,49,2,0.0025188059498281084,0.01334286395044079,46,75,29,3,3,3,3,3,58,51,6
459,40,142,49,85,36,130,130,66,66,0,40,42,49,54,5,0.0028591851322373124,0.0029612988869600733,48,48,0,4,2,2,11,1,38,53,65
460,220,820,94,100,6,48,48,60,60,0,48,48,63,63,0,0.03094046768099663,0.049559208958780084,91,96,5,2,3,3,3,30,58,7,10
461,0,616,1,100,99,0,24,1,38,37,0,16,1,37,36,0.0,0.004629156880765172,1,56,55,2,-1,3,3,0,82,40,46
462,248,848,93,100,7,264,264,93,93,0,264,264,94,94,0,0.0228734810578985,0.02889819258654141,86,90,4,2,2,2,12,16,14,18,20
463,214,214,90,90,0,174,174,76,76,0,174,174,86,86,0,0.019980258007420267,0.019980258007420267,82,82,0,-1,2,2,10,17,18,6,85
464,24,24,45,45,0,112,112,58,58,0,24,24,45,45,0,0.0024166921951053475,0.0024166921951053475,47,47,0,-1,3,3,12,3,14,54,86
465,199,799,91,100,9,136,136,86,86,0,136,136,87,87,0,0.024507301133462677,0.029510875114877974,87,90,3,2,2,2,7,15,62,16,41
466,0,1640,1,100,99,0,108,1,57,56,0,92,1,60,59,0.0,0.015112835698968652,1,71,70,1,-1,2,12,0,2,87,27
467,0,206,1,90,89,0,26,1,32,31,0,6,1,27,26,0.0,0.003199564314646516,1,47,46,3,-1,4,5,0,50,76,90
468,94,94,77,77,0,72,72,79,79,0,72,72,80,80,0,0.008611593314952858,0.008611593314952858,68,68,0,-1,2,2,3,5,75,47,85
469,6,107,27,75,48,36,36,30,30,0,6,7,27,31,4,0.00010211375472276115,0.00010211375472276115,28,28,0,5,4,4,14,1,8,4,78
470,226,327,92,95,3,246,246,87,87,0,226,246,91,92,1,0.019129310051397258,0.019129310051397258,80,80,0,6,2,2,13,18,13,30,78
471,6,6,32,32,0,8,8,32,32,0,6,6,32,32,0,0.0008169100377820892,0.0008169100377820892,37,37,0,-1,4,4,2,1,95,71,67
472,182,182,92,92,0,102,102,94,94,0,102,102,94,94,0,0.026243234963749616,0.026243234963749616,88,88,0,-1,2,2,4,20,73,23,98
473,62,62,54,54,0,90,90,56,56,0,62,62,54,54,0,0.005990673610401988,0.005990673610401988,55,55,0,-1,2,2,6,3,40,54,82
474,16,16,37,37,0,76,76,52,52,0,16,16,37,37,0,0.0025188059498281084,0.0025188059498281084,47,47,0,-1,3,3,6,1,65,53,69
475,122,328,80,95,15,118,118,70,70,0,122,128,80,82,2,0.011879233466081215,0.013376901868681712,72,74,2,3,2,2,9,8,35,8,94
476,100,100,57,57,0,100,100,38,38,0,100,100,57,57,0,0.031110657272201234,0.03352734946730658,90,91,1,3,1,1,16,17,4,6,70
477,126,126,79,79,0,110,110,78,78,0,110,110,82,82,0,0.014261887742945642,0.014261887742945642,77,77,0,-1,2,2,6,8,51,20,40
478,180,386,90,97,7,208,208,86,86,0,180,188,89,90,1,0.014704380680077607,0.0158616699002689,77,77,0,3,2,2,11,8,19,8,51
479,0,206,1,92,91,0,22,1,27,26,0,7,1,32,31,0.0,0.0008169100377820892,1,36,35,3,-1,4,10,0,36,93,74
480,364,964,99,100,1,128,128,93,93,0,128,128,93,93,0,0.05051227066952585,0.05946424316688791,100,100,0,2,2,2,5,36,70,2,39
481,88,88,71,71,0,72,72,77,77,0,72,72,77,77,0,0.013751318969331836,0.013751318969331836,78,78,0,-1,2,2,3,9,82,27,81
482,2,2,26,26,0,18,18,28,28,0,2,2,26,26,0,0.0,0.0,1,1,0,-1,5,5,14,1,16,68,80
483,88,294,78,100,22,32,32,71,71,0,32,32,71,71,0,0.015589366554341537,0.0212056230640934,78,85,7,3,3,3,2,13,99,33,26
484,100,100,63,63,0,100,100,47,47,0,100,100,63,63,0,0.057149664726505324,0.057149664726505324,99,99,0,-1,1,1,10,40,36,3,98
485,39,39,55,55,0,54,54,59,59,0,39,39,57,57,0,0.004629156880765172,0.004629156880765172,55,55,0,-1,3,3,4,4,77,22,99
486,0,616,1,99,98,0,116,1,58,57,0,100,1,58,57,0.0,0.009088124170325743,1,62,61,2,-1,3,17,0,20,81,32
487,0,1640,1,100,99,0,44,1,66,65,0,44,1,68,67,0.0,0.03815650634807175,1,93,92,1,-1,2,3,0,81,98,57
488,68,1708,59,100,41,86,110,59,73,14,86,110,63,75,12,0.00878178290615746,0.04169644984512747,66,97,31,1,3,2,6,7,41,48,16
489,6,6,32,32,0,8,8,32,32,0,6,6,32,32,0,0.001055175465468532,0.001055175465468532,39,39,0,-1,4,4,2,1,68,71,76
490,100,100,69,69,0,100,100,66,66,0,100,100,72,72,0,0.059702508594574356,0.08608189523128766,100,100,0,1,1,1,6,29,44,11,6
491,158,774,81,100,19,278,278,80,80,0,158,212,81,87,6,0.010347527145239796,0.0176997174852786,60,81,21,2,2,2,16,6,9,34,27
492,0,206,1,92,91,0,10,1,31,30,0,6,1,31,30,0.0,0.001599782157323258,1,43,42,3,-1,4,3,0,64,36,94
493,100,100,60,60,0,100,100,40,40,0,100,100,60,60,0,0.02631131080023146,0.02631131080023146,90,90,0,-1,1,1,14,13,25,33,87
494,66,682,57,100,43,94,104,45,61,16,66,104,57,72,15,0.007556417849484326,0.02018448551686579,60,83,23,2,3,3,9,6,29,34,5
495,0,102,1,76,75,0,9,1,27,26,0,2,1,27,26,0.0,0.00013615167296368154,1,28,27,4,-1,5,6,0,71,86,88
496,90,90,70,70,0,110,110,81,81,0,90,90,73,73,0,0.01232172640321318,0.01232172640321318,74,74,0,-1,2,2,6,6,32,77,87
497,7,623,36,100,64,26,40,36,44,8,7,40,36,51,15,0.0004084550188910446,0.020150447598624867,34,85,51,2,4,3,5,2,37,56,1
498,84,684,64,100,36,100,100,68,68,0,84,100,63,72,9,0.006535280302256714,0.015146873617209572,59,80,21,2,2,2,6,5,48,47,20
499,0,0,1,1,0,0,0,1,1,0,0,0,1,1,0,0.0,0.0,1,1,0,-1,-1,-1,4,0,73,99,40
500,156,362,84,96,12,140,140,88,88,0,140,140,89,89,0,0.019844106334456584,0.02474556656114912,81,87,6,3,2,2,7,9,62,39,24
501,0,1640,1,100,99,0,78,1,67,66,0,78,1,70,69,0.0,0.035875965825930084,1,93,92,1,-1,2,4,0,83,82,14
502,126,126,78,78,0,152,152,76,76,0,126,126,78,78,0,0.010143299635794275,0.010143299635794275,66,66,0,-1,2,2,8,7,15,48,91
503,245,245,97,97,0,56,56,85,85,0,56,56,85,85,0,0.04322815616596889,0.04322815616596889,96,96,0,-1,2,2,2,29,90,0,87
504,220,836,94,100,6,48,48,60,60,0,48,48,63,63,0,0.03094046768099663,0.04149222233568195,91,95,4,2,3,3,3,30,58,7,39
505,343,959,100,100,0,134,134,90,90,0,134,134,90,90,0,0.03567173831648456,0.04721059260015657,96,97,1,2,2,2,6,30,56,7,39
506,40,1680,54,100,46,74,108,67,90,23,40,108,54,90,36,0.0051397256543789785,0.03420810783212499,57,92,35,1,2,2,5,2,80,94,33
507,86,86,54,54,0,210,210,72,72,0,86,86,54,54,0,0.00803294870485721,0.00803294870485721,62,62,0,-1,2,2,16,6,4,34,76
508,108,210,77,90,13,104,104,82,82,0,104,104,82,82,0,0.017257224548146634,0.01923142380612002,80,82,2,4,2,2,5,9,80,39,73
509,0,101,1,71,70,0,7,1,25,24,0,1,1,25,24,0.0,0.00013615167296368154,1,30,29,5,-1,6,7,0,46,80,55
510,16,222,33,92,59,58,66,34,35,1,16,28,33,42,9,0.0007828721195411688,0.0020763130126961434,37,44,7,3,3,3,10,2,0,42,51
511,0,0,1,1,0,0,0,1,1,0,0,0,1,1,0,0.0,0.0,1,1,0,-1,-1,-1,5,0,70,93,85
512,100,100,71,71,0,100,100,80,80,0,100,100,81,81,0,0.050818611933694136,0.058817522720310426,97,99,2,3,1,1,5,12,49,37,32
513,63,1703,58,100,42,94,118,68,87,19,63,118,59,88,29,0.006569318220497634,0.036488648354266656,58,92,34,1,2,2,5,4,61,22,12
514,0,0,1,1,0,0,0,1,1,0,0,0,1,1,0,0.0,0.0,1,1,0,-1,-1,-1,3,0,58,96,40
515,167,783,86,100,14,126,136,80,85,5,126,136,83,86,3,0.014908608189523128,0.03434425950508867,76,92,16,2,2,2,7,15,62,19,23
516,22,638,45,100,55,56,56,46,46,0,22,52,45,56,11,0.0020763130126961434,0.008543517478471017,46,66,20,2,3,3,6,2,74,52,72
517,8,8,36,36,0,14,14,33,33,0,8,8,36,36,0,0.0002042275094455223,0.0002042275094455223,31,31,0,-1,4,4,3,2,66,56,85
518,100,100,64,64,0,100,100,45,45,0,100,100,64,64,0,0.05680928554409612,0.05769427141836005,99,99,0,3,1,1,10,40,18,3,74
519,145,145,81,81,0,188,188,80,80,0,145,145,81,81,0,0.009905034208107831,0.009905034208107831,70,70,0,-1,2,2,10,8,0,44,76
520,100,100,76,76,0,100,100,96,96,0,100,100,96,96,0,0.0597705844310562,0.059804622349297114,98,98,0,5,1,1,3,13,87,24,65
521,0,102,1,81,80,0,6,1,28,27,0,2,1,26,25,0.0,0.0009870996289866913,1,37,36,4,-1,5,3,1,66,45,71
522,184,800,90,100,10,254,254,92,92,0,184,206,90,91,1,0.015997821573232582,0.017393376221110316,78,80,2,2,2,2,12,8,6,20,52
523,62,163,55,83,28,134,134,66,66,0,62,62,55,55,0,0.004220701861874128,0.004220701861874128,51,51,0,5,2,2,10,6,22,70,68
524,100,100,68,68,0,100,100,63,63,0,100,100,68,68,0,0.05888559855679227,0.07260287960788318,100,100,0,2,1,1,6,30,41,7,12
525,80,696,74,100,26,72,72,79,79,0,72,72,80,80,0,0.010415602981721638,0.01409169815174104,74,80,6,2,2,2,3,7,75,21,53
526,48,149,51,85,34,134,134,62,62,0,48,49,52,52,0,0.002110350930937064,0.002110350930937064,44,44,0,5,3,3,14,3,8,43,78
527,42,42,50,50,0,60,60,49,49,0,40,40,49,49,0,0.004050512270669526,0.004050512270669526,50,50,0,-1,3,3,5,6,50,41,45
528,100,100,62,62,0,100,100,43,43,0,100,100,62,62,0,0.029919330133769018,0.029919330133769018,91,91,0,-1,1,1,12,15,14,19,89
529,0,0,1,1,0,0,0,1,1,0,0,0,1,1,0,0.0,0.0,1,1,0,-1,-1,-1,6,0,40,96,89
530,40,40,46,46,0,140,140,65,65,0,40,40,46,46,0,0.0053439531638245,0.0053439531638245,55,55,0,-1,2,2,11,1,33,90,79
531,0,206,1,93,92,0,20,1,36,35,0,6,1,32,31,0.0,0.003437829742332959,1,50,49,3,-1,4,4,1,72,69,90
532,100,100,71,71,0,100,100,76,76,0,100,100,77,77,0,0.04173048776336839,0.04173048776336839,95,95,0,-1,1,1,5,14,50,32,80
533,220,420,94,100,6,48,48,60,60,0,48,48,63,63,0,0.03094046768099663,0.03798631675686715,91,94,3,3,3,3,3,30,58,7,33
534,0,616,1,100,99,0,42,1,34,33,0,25,1,46,45,0.0,0.003880322679464924,1,52,51,2,-1,3,8,0,15,98,41
535,144,144,86,86,0,80,80,68,68,0,80,80,72,72,0,0.019469689233806462,0.019469689233806462,83,83,0,-1,3,3,5,18,88,30,80
536,312,928,97,100,3,300,300,95,95,0,300,300,97,97,0,0.021818305592429966,0.04561081044283331,82,97,15,2,2,2,14,16,8,12,1
537,144,245,81,91,10,224,224,85,85,0,144,145,81,82,1,0.01058579257292624,0.010619830491167161,68,68,0,5,2,2,11,7,5,21,68
538,307,513,99,100,1,64,64,70,70,0,64,64,70,70,0,0.042070866945777594,0.04309200449300521,96,96,0,3,3,3,4,40,84,3,52
539,0,206,1,93,92,0,24,1,37,36,0,24,1,49,48,0.0,0.0048674223084516155,1,55,54,3,-1,4,4,0,73,40,13
540,2,618,28,100,72,4,28,28,47,19,2,28,28,53,25,3.4037918240920386e-05,0.017359338302869398,26,83,57,2,5,3,3,1,55,95,9
541,111,317,85,100,15,22,22,48,48,0,22,22,51,51,0,0.015351101126655093,0.020695054290479593,77,84,7,3,3,3,2,18,95,5,57
542,230,846,92,100,8,208,208,85,85,0,208,208,91,91,0,0.016270124919159943,0.02209060893835733,78,84,6,2,2,2,10,14,18,14,34
543,0,0,1,1,0,0,0,1,1,0,0,0,1,1,0,0.0,0.0,1,1,0,-1,-1,-1,7,0,46,40,92
544,0,616,1,100,99,0,42,1,37,36,0,30,1,46,45,0.0,0.0057524081827155455,1,56,55,2,-1,3,6,1,65,69,62
545,82,184,76,96,20,46,46,83,83,0,46,46,83,83,0,0.01320671227747711,0.013615167296368155,74,74,0,4,2,2,2,8,99,44,49
546,58,674,63,100,37,78,88,79,81,2,58,88,70,81,11,0.009836958371625992,0.03277851526600633,68,91,23,2,2,2,4,6,72,73,1
547,6,6,32,32,0,14,14,34,34,0,6,6,32,32,0,0.0007488342013002485,0.0007488342013002485,36,36,0,-1,4,4,3,2,60,42,40
548,22,638,48,100,52,40,50,44,49,5,22,50,48,54,6,0.002552843868069029,0.020763130126961436,46,82,36,2,3,3,5,2,70,83,16
549,88,294,66,95,29,66,66,47,47,0,66,66,55,55,0,0.011334626774226489,0.013002484768031588,68,71,3,3,3,3,6,8,71,8,61
550,118,1758,77,100,23,272,296,87,91,4,118,200,77,90,13,0.010517716736444398,0.025222097416522007,67,90,23,1,2,2,14,5,8,25,27
551,44,250,60,99,39,12,12,37,37,0,12,12,41,41,0,0.009156200006807584,0.01055175465468532,69,70,1,3,4,4,2,8,89,8,53
552,50,256,57,92,35,70,70,59,59,0,50,70,57,65,8,0.005446066918547262,0.011675005956635693,58,72,14,3,3,3,5,6,80,26,77
553,100,100,63,63,0,100,100,39,39,0,100,100,63,63,0,0.0283876238129276,0.042819701147077845,90,94,4,1,1,1,14,12,17,37,27
554,100,100,57,57,0,100,100,38,38,0,100,100,57,57,0,0.03427618366860683,0.035875965825930084,93,94,1,2,1,1,16,16,4,12,29
555,8,8,35,35,0,28,28,33,33,0,8,8,35,35,0,0.0005446066918547262,0.0005446066918547262,34,34,0,-1,4,4,6,2,65,63,45
556,6,6,32,32,0,14,14,34,34,0,6,6,32,32,0,0.002586881786309949,0.002586881786309949,48,48,0,-1,4,4,3,1,60,90,86
557,2,618,26,100,74,14,50,27,34,7,2,18,26,39,13,6.807583648184077e-05,0.003437829742332959,27,51,24,2,5,3,12,2,3,58,94
558,0,0,1,1,0,0,0,1,1,0,0,0,1,1,0,0.0,0.0,1,1,0,-1,-1,-1,4,0,72,91,93
559,24,230,45,93,48,62,62,42,42,0,24,62,45,57,12,0.0013955546478777359,0.00704584907587052,41,60,19,3,3,3,9,4,26,64,27
560,34,650,54,100,46,22,22,48,48,0,22,22,51,51,0,0.005888559855679227,0.02736648626569999,58,91,33,2,3,3,2,4,95,72,1
561,22,638,40,100,60,90,118,36,54,18,22,114,40,78,38,0.00088498587426393,0.013104598522754349,37,76,39,2,3,3,16,3,4,51,30
562,16,632,34,100,66,96,106,37,54,17,16,32,34,44,10,0.0008509479560230097,0.0018720855032506212,36,42,6,2,3,3,14,2,16,42,49
563,74,690,67,100,33,56,56,76,76,0,56,56,77,77,0,0.009734844616903231,0.032948704857210936,66,93,27,2,2,2,2,6,68,26,1
564,282,1922,96,100,4,288,312,97,99,2,288,312,97,99,2,0.026209197045508698,0.03778208924742163,88,93,5,1,2,2,12,20,14,23,13
565,257,257,99,99,0,80,80,97,97,0,80,80,97,97,0,0.04510024166921951,0.04510024166921951,98,98,0,-1,2,2,2,29,90,11,50
566,0,0,1,1,0,0,0,1,1,0,0,0,1,1,0,0.0,0.0,1,1,0,-1,-1,-1,2,0,99,97,50
567,218,319,95,100,5,56,56,80,80,0,56,56,81,81,0,0.03757786173797611,0.03761189965621702,95,95,0,6,2,2,2,29,91,11,68
568,47,253,61,97,36,28,28,46,46,0,28,28,51,51,0,0.006841621566424997,0.026209197045508698,60,89,29,3,3,3,3,8,85,44,11
569,94,196,76,92,16,38,38,57,57,0,38,38,59,59,0,0.01579359406378706,0.016202049082678104,79,79,0,4,3,3,3,9,55,39,51
570,16,222,35,91,56,158,158,66,66,0,16,22,35,42,7,0.003608019333537561,0.0048674223084516155,50,54,4,3,3,3,13,3,13,46,53
571,40,142,54,89,35,28,28,44,44,0,28,28,51,51,0,0.005446066918547262,0.005854521937438306,54,56,2,4,3,3,3,6,92,26,56
572,40,142,57,84,27,78,78,72,72,0,40,42,57,57,0,0.004595118962524252,0.005105687736138058,56,57,1,4,2,2,4,1,47,53,42
573,16,222,37,94,57,30,42,34,38,4,16,42,37,50,13,0.0005446066918547262,0.006467204465774873,36,62,26,3,3,3,6,1,59,88,21
574,0,206,1,91,90,0,36,1,35,34,0,32,1,51,50,0.0,0.006092787365124749,1,59,58,3,-1,4,6,1,44,50,34
575,0,616,1,99,98,0,106,1,54,53,0,56,1,50,49,0.0,0.004935498144933456,1,53,52,2,-1,3,17,0,20,86,13
576,6,212,34,97,63,12,12,39,39,0,6,12,34,43,9,0.0025188059498281084,0.005684332346233704,47,59,12,3,4,4,2,3,97,46,83
577,56,672,58,100,42,90,100,65,68,3,56,100,58,70,12,0.006024711528642908,0.019912182170938427,57,85,28,2,2,2,6,3,34,29,30
578,16,632,35,100,65,38,68,34,39,5,16,52,35,52,17,0.0004765308553728854,0.004901460226692535,34,54,20,2,3,3,8,1,15,88,47
579,0,616,1,100,99,0,58,1,35,34,0,24,1,45,44,0.0,0.002927260968719153,1,48,47,2,-1,3,10,0,1,96,70
580,74,74,60,60,0,106,106,71,71,0,74,74,60,60,0,0.006467204465774873,0.006467204465774873,58,58,0,-1,2,2,7,5,43,47,86
581,176,176,88,88,0,118,118,72,72,0,118,118,82,82,0,0.01317267435923619,0.01317267435923619,72,72,0,-1,2,2,9,14,23,14,81
582,1,207,26,89,63,6,24,26,30,4,1,13,26,35,9,3.4037918240920386e-05,0.004629156880765172,26,49,23,3,6,4,6,2,71,58,62
583,0,0,1,1,0,0,0,1,1,0,0,0,1,1,0,0.0,0.0,1,1,0,-1,-1,-1,17,0,20,85,79
584,16,632,43,100,57,54,64,62,67,5,16,64,43,70,27,0.005446066918547262,0.015725518227305217,59,80,21,2,3,3,4,1,72,90,17
585,16,632,33,100,67,136,156,61,64,3,16,58,33,51,18,0.0027911092957554717,0.009088124170325743,48,62,14,2,3,3,15,2,7,94,25
586,130,336,82,97,15,128,128,93,93,0,128,128,93,93,0,0.01674665577453283,0.02028659927158855,80,84,4,3,2,2,5,8,37,20,47
587,372,372,97,97,0,208,208,88,88,0,208,208,89,89,0,0.0340719561591613,0.0340719561591613,94,94,0,-1,2,2,10,27,22,10,45
588,0,0,1,1,0,0,0,1,1,0,0,0,1,1,0,0.0,0.0,1,1,0,-1,-1,-1,6,1,71,69,97
589,1,1,25,25,0,4,4,25,25,0,1,1,25,25,0,0.0,0.0,1,1,0,-1,6,6,4,1,84,68,45
590,307,407,97,100,3,144,144,98,98,0,144,144,98,98,0,0.04098165356206814,0.041253956907995507,96,96,0,4,2,2,6,29,69,0,88
591,0,0,1,1,0,0,0,1,1,0,0,0,1,1,0,0.0,0.0,1,1,0,-1,-1,-1,2,0,68,59,92
592,90,90,63,63,0,100,100,66,66,0,90,90,69,69,0,0.007147962830593281,0.007147962830593281,57,57,0,-1,2,2,6,6,51,28,84
593,56,672,58,100,42,90,100,65,68,3,56,100,58,70,12,0.006024711528642908,0.01776779332176044,57,80,23,2,2,2,6,3,34,29,5
594,255,356,96,99,3,72,72,80,80,0,72,72,80,80,0,0.03315293236665646,0.03318697028489737,92,92,0,6,2,2,3,30,66,7,58
595,0,0,1,1,0,0,0,1,1,0,0,0,1,1,0,0.0,0.0,1,1,0,-1,-1,-1,3,1,64,45,67
596,348,1988,97,100,3,168,192,97,99,2,168,192,97,99,2,0.03631845876306205,0.0636168691922802,95,99,4,1,2,2,6,27,51,10,18
597,0,616,1,100,99,0,30,1,42,41,0,30,1,50,49,0.0,0.01405766023350012,1,76,75,2,-1,3,4,0,79,81,39
598,522,2122,100,100,0,472,472,100,100,0,472,472,100,100,0,0.03716940671908506,0.053337417883522246,95,99,4,1,2,2,16,29,4,0,6
599,115,321,85,100,15,32,32,63,63,0,32,32,65,65,0,0.017087034956942034,0.023384049831512304,83,88,5,3,3,3,2,18,98,5,8
600,151,357,92,100,8,56,56,84,84,0,56,56,84,84,0,0.028523775485891283,0.032029681064706085,92,94,2,3,2,2,2,15,86,16,35
601,160,776,91,100,9,72,72,80,80,0,72,72,80,80,0,0.023009632730862182,0.036794989618434935,86,94,8,2,2,2,3,18,76,5,14
602,46,252,62,99,37,22,22,47,47,0,22,22,52,52,0,0.005071649817897137,0.012389802239695021,58,75,17,3,3,3,2,6,89,26,20
603,39,245,56,97,41,32,32,58,58,0,32,32,59,59,0,0.005241839409101739,0.0061949011198475104,57,58,1,3,3,3,2,4,68,22,52
604,2,2,28,28,0,4,4,30,30,0,2,2,28,28,0,0.00010211375472276115,0.00010211375472276115,29,29,0,-1,5,5,2,1,68,95,96
605,16,16,34,34,0,80,80,39,39,0,16,16,34,34,0,0.0012594029749140542,0.0012594029749140542,39,39,0,-1,3,3,12,1,3,71,80
606,96,1736,78,100,22,56,80,82,96,14,56,80,82,96,14,0.015521290717859695,0.07216038667075121,79,98,19,1,2,2,2,7,89,48,62
607,100,100,64,64,0,100,100,49,49,0,100,100,64,64,0,0.03887130263113108,0.04064127437965894,93,95,2,2,1,1,8,17,42,6,54
608,39,245,56,97,41,32,32,58,58,0,32,32,59,59,0,0.005241839409101739,0.007658531604207087,57,61,4,3,3,3,2,4,68,22,41
609,0,616,1,100,99,0,68,1,38,37,0,48,1,52,51,0.0,0.00527587732734266,1,53,52,2,-1,3,10,0,12,36,57
610,6,1646,29,100,71,26,140,30,64,34,6,140,29,81,52,0.0002042275094455223,0.029681064706082574,33,91,58,1,4,2,11,1,33,60,7
611,34,34,52,52,0,54,54,55,55,0,34,34,52,52,0,0.0034037918240920387,0.0034037918240920387,51,51,0,-1,3,3,4,6,73,70,89
612,0,206,1,89,88,0,20,1,27,26,0,8,1,31,30,0.0,0.00034037918240920387,1,31,30,3,-1,4,9,0,29,84,56
613,0,616,1,100,99,0,64,1,37,36,0,53,1,55,54,0.0,0.006126825283365669,1,61,60,2,-1,3,11,0,38,89,24
614,196,812,92,100,8,144,144,88,88,0,144,144,89,89,0,0.02117158514585248,0.02746860002042275,85,89,4,2,2,2,6,18,34,30,48
615,0,206,1,96,95,0,8,1,33,32,0,8,1,39,38,0.0,0.005173763572619898,1,56,55,3,-1,4,2,0,93,80,48
616,6,108,32,75,43,32,32,34,34,0,6,8,32,35,3,0.0004084550188910446,0.0009870996289866913,34,36,2,4,4,4,6,1,44,88,71
617,84,84,55,55,0,276,276,79,79,0,84,84,55,55,0,0.008986010415602982,0.008986010415602982,63,63,0,-1,2,2,17,5,20,25,86
618,168,784,86,100,14,164,174,76,77,1,164,174,86,86,0,0.010721944245889922,0.01943565131556554,68,80,12,2,2,2,10,14,11,32,20
619,100,100,70,70,0,100,100,68,68,0,100,100,73,73,0,0.03264236359304265,0.03686306545491678,90,93,3,2,1,1,6,7,48,62,28
620,0,206,1,92,91,0,16,1,31,30,0,8,1,34,33,0.0,0.0024507301133462676,1,45,44,3,-1,4,6,0,69,59,29
621,138,344,84,94,10,142,142,79,79,0,138,142,84,84,0,0.01157289220191293,0.012525953912658701,73,74,1,3,2,2,8,9,57,27,74
622,0,616,1,100,99,0,40,1,42,41,0,40,1,51,50,0.0,0.02042275094455223,1,84,83,2,-1,3,5,0,45,85,1
623,2,208,29,93,64,7,24,29,37,8,2,24,29,49,20,0.0002042275094455223,0.005820484019197386,32,57,25,3,5,4,4,1,73,55,21
624,235,337,95,99,4,72,72,84,84,0,72,72,84,84,0,0.03699921712788046,0.03778208924742163,93,94,1,4,2,2,3,29,85,0,61
625,66,682,69,100,31,32,32,64,64,0,32,32,64,64,0,0.010892133837094524,0.025766704108376733,71,89,18,2,3,3,2,9,89,27,37
626,6,622,30,100,70,16,30,31,36,5,6,22,30,41,11,0.00017018959120460194,0.0016338200755641784,31,42,11,2,4,3,6,1,41,65,4
627,188,388,88,96,8,120,120,79,79,0,120,120,81,81,0,0.021954457265393648,0.027060145001531706,85,87,2,3,2,2,6,20,44,23,48
628,2,1642,26,100,74,13,112,26,59,33,2,90,26,59,33,3.4037918240920386e-05,0.020933319718166036,27,82,55,1,5,2,12,2,2,58,37
629,0,206,1,92,91,0,18,1,29,28,0,8,1,35,34,0.0,0.0004084550188910446,1,35,34,3,-1,4,8,0,21,91,63
630,100,100,77,77,0,100,100,96,96,0,100,100,96,96,0,0.06620375097859015,0.06620375097859015,98,98,0,-1,1,1,3,8,82,17,45
631,218,834,90,100,10,144,144,92,92,0,144,144,92,92,0,0.02382654276864427,0.029612988869600735,85,89,4,2,2,2,6,17,41,6,21
632,6,212,29,89,60,19,28,29,33,4,6,12,29,33,4,0.0002042275094455223,0.0018380475850097008,33,42,9,3,4,4,8,1,42,55,94
633,133,339,87,99,12,78,78,79,79,0,78,78,80,80,0,0.017018959120460194,0.02392865652336703,82,86,4,3,2,2,4,18,72,5,14
634,48,664,61,100,39,28,38,44,58,14,28,38,51,61,10,0.007113924912352361,0.020899281799925118,64,83,19,2,3,3,3,7,92,48,19
635,32,134,44,77,33,86,86,44,44,0,32,32,44,44,0,0.0017018959120460194,0.0018380475850097008,42,43,1,4,3,3,10,3,0,51,55
636,2,104,28,78,50,7,11,28,29,1,2,5,28,30,2,0.0,0.0002382654276864427,1,31,30,4,5,5,6,1,32,68,56
637,2,618,28,100,72,12,56,30,44,14,2,56,28,57,29,0.00017018959120460194,0.016508390346846386,31,81,50,2,5,3,6,1,44,60,18
638,111,111,78,78,0,164,164,77,77,0,111,111,78,78,0,0.007862759113652609,0.007862759113652609,63,63,0,-1,2,2,10,8,36,44,80
639,0,616,1,100,99,0,46,1,41,40,0,46,1,53,52,0.0,0.009496579189216788,1,67,66,2,-1,3,6,0,48,86,33
640,277,483,98,100,2,112,112,94,94,0,112,112,94,94,0,0.03638653459954389,0.03934783348650397,94,94,0,3,2,2,4,29,78,0,28
641,16,16,40,40,0,40,40,41,41,0,16,16,40,40,0,0.0026209197045508697,0.0026209197045508697,48,48,0,-1,3,3,5,3,80,46,69
642,6,108,30,75,45,15,15,30,30,0,6,8,30,34,4,0.00013615167296368154,0.0007147962830593281,29,36,7,4,4,4,6,1,65,60,42
643,0,206,1,92,91,0,18,1,34,33,0,18,1,47,46,0.0,0.012287688484972258,1,75,74,3,-1,4,3,0,87,98,18
644,16,16,35,35,0,25,25,30,30,0,16,16,35,35,0,0.000442492937131965,0.000442492937131965,32,32,0,-1,3,3,8,1,27,68,45
645,389,989,98,100,2,112,112,93,93,0,112,112,93,93,0,0.045134279587460434,0.06283399707273903,94,100,6,2,2,2,4,40,79,3,7
646,0,616,1,100,99,0,74,1,43,42,0,62,1,55,54,0.0,0.005820484019197386,1,57,56,2,-1,3,8,1,15,69,13
647,266,1906,95,100,5,240,264,98,100,2,240,264,98,100,2,0.023894618605126112,0.057864461009564654,86,99,13,1,2,2,9,16,23,18,10
648,100,100,79,79,0,100,100,98,98,0,100,100,98,98,0,0.07638108853262535,0.07638108853262535,99,99,0,-1,1,1,2,2,95,58,98
649,84,700,61,100,39,84,94,64,67,3,84,94,69,70,1,0.006637394056979475,0.0212056230640934,58,84,26,2,2,2,5,6,50,28,18
650,100,100,63,63,0,100,100,39,39,0,100,100,63,63,0,0.012559991830899623,0.049014602266925354,71,99,28,1,1,1,14,4,17,64,11
651,24,24,44,44,0,86,86,41,41,0,24,24,44,44,0,0.001497668402600497,0.001497668402600497,41,41,0,-1,3,3,11,3,38,43,40
652,0,616,1,99,98,0,80,1,40,39,0,48,1,54,53,0.0,0.007862759113652609,1,61,60,2,-1,3,12,1,14,69,34
653,0,616,1,100,99,0,31,1,36,35,0,18,1,43,42,0.0,0.00353994349705572,1,49,48,2,-1,3,7,1,62,69,75
654,34,650,47,99,52,112,122,60,61,1,34,50,47,53,6,0.0015317063208414173,0.005071649817897137,42,55,13,2,3,3,12,4,6,64,90
655,122,224,81,93,12,148,148,78,78,0,122,124,83,83,0,0.013513053541645392,0.013819394805813677,73,73,0,4,2,2,9,8,23,8,88
656,24,224,48,93,45,38,38,51,51,0,24,38,48,53,5,0.0026209197045508697,0.004935498144933456,49,56,7,3,3,3,3,3,82,54,41
657,16,632,31,100,69,144,154,63,65,2,16,87,31,56,25,0.003948398515946765,0.015385139044896015,53,72,19,2,3,3,14,1,25,90,37
658,100,100,63,63,0,100,100,47,47,0,100,100,63,63,0,0.05037611899656217,0.058647333129105826,97,98,1,2,1,1,10,29,22,0,27
659,6,622,29,100,71,17,130,28,65,37,6,130,29,79,50,3.4037918240920386e-05,0.027706865448109193,28,91,63,2,4,3,10,1,12,68,3
660,6,212,32,94,62,10,18,32,37,5,6,18,32,46,14,0.0002382654276864427,0.01327478811395895,31,76,45,3,4,4,3,1,81,65,18
661,12,1652,34,100,66,34,72,34,44,10,12,72,34,58,24,0.0002382654276864427,0.019027196296674494,32,84,52,1,4,2,7,2,24,63,35
662,6,107,28,80,52,14,14,30,30,0,6,7,28,33,5,0.00013615167296368154,0.00013615167296368154,30,30,0,5,4,4,5,1,50,65,58
663,58,58,62,62,0,54,54,60,60,0,54,54,62,62,0,0.00980292045338507,0.00980292045338507,69,69,0,-1,3,3,4,6,78,77,87
664,100,100,66,66,0,100,100,60,60,0,100,100,68,68,0,0.03168930188229688,0.04149222233568195,89,94,5,2,1,1,7,14,43,32,39
665,100,100,67,67,0,100,100,74,74,0,100,100,75,75,0,0.03819054426631267,0.048129616392661424,95,96,1,2,1,1,5,5,63,25,32
666,540,746,100,100,0,224,224,96,96,0,224,224,96,96,0,0.04697232717247013,0.04823173014738419,97,97,0,3,2,2,8,40,42,3,46
667,370,570,97,100,3,176,176,98,98,0,176,176,98,98,0,0.03859899928520372,0.045678886279315156,92,96,4,3,2,2,5,27,61,10,8
668,0,206,1,92,91,0,24,1,31,30,0,11,1,34,33,0.0,0.002723033459273631,1,48,47,3,-1,4,6,0,59,85,73
669,362,978,98,100,2,280,280,98,98,0,280,280,98,98,0,0.025188059498281085,0.03614826917185745,87,93,6,2,2,2,10,19,0,15,39
670,234,440,91,99,8,120,120,77,77,0,120,120,84,84,0,0.019571802988529223,0.021511964328261683,83,84,1,3,2,2,6,16,40,12,52
671,60,676,56,100,44,104,104,64,64,0,60,104,56,77,21,0.006058749446883829,0.012287688484972258,55,73,18,2,2,2,9,6,35,73,34
672,0,0,1,1,0,0,0,1,1,0,0,0,1,1,0,0.0,0.0,1,1,0,-1,-1,-1,3,1,76,69,93
673,56,158,56,82,26,96,96,55,55,0,56,60,56,57,1,0.004561081044283332,0.004629156880765172,56,56,0,4,2,2,7,2,24,52,63
674,8,8,33,33,0,24,24,31,31,0,8,8,33,33,0,0.00030634126416828345,0.00030634126416828345,33,33,0,-1,4,4,6,2,71,56,36
675,0,616,1,100,99,0,40,1,42,41,0,40,1,51,50,0.0,0.017087034956942034,1,80,79,2,-1,3,5,0,45,79,15
676,338,438,98,100,2,128,128,93,93,0,128,128,93,93,0,0.03536539705231628,0.03628442084482113,92,94,2,4,2,2,5,30,37,7,75
677,0,616,1,100,99,0,46,1,40,39,0,46,1,54,53,0.0,0.009258313761530345,1,68,67,2,-1,3,6,1,34,50,19
678,72,278,66,97,31,32,32,58,58,0,32,32,59,59,0,0.008271214132543654,0.010041185881071514,62,68,6,3,3,3,2,7,68,48,94
679,100,100,61,61,0,100,100,40,40,0,100,100,61,61,0,0.06320841417338915,0.06708873685285408,100,100,0,2,1,1,14,36,8,2,35
680,0,616,1,100,99,0,94,1,50,49,0,94,1,63,62,0.0,0.014500153170632085,1,76,75,2,-1,3,9,0,23,98,18
681,52,52,55,55,0,96,96,56,56,0,52,52,55,55,0,0.004186663943633207,0.004186663943633207,51,51,0,-1,2,2,7,6,43,70,86
682,12,218,44,97,53,12,12,35,35,0,12,12,42,42,0,0.002552843868069029,0.008679669151434699,47,66,19,3,4,4,2,2,98,75,24
683,8,624,37,100,63,14,38,32,48,16,8,38,37,53,16,0.0007828721195411688,0.022430988120766535,36,88,52,2,4,3,3,3,87,51,11
684,7,7,37,37,0,8,8,32,32,0,7,7,37,37,0,0.00034037918240920387,0.00034037918240920387,33,33,0,-1,4,4,2,2,95,56,66
685,0,616,1,100,99,0,60,1,38,37,0,43,1,52,51,0.0,0.006092787365124749,1,59,58,2,-1,3,9,0,23,67,31
686,100,100,77,77,0,100,100,97,97,0,100,100,97,97,0,0.08169100377820893,0.1006841621566425,100,100,0,2,1,1,3,30,55,7,16
687,6,6,32,32,0,18,18,36,36,0,6,6,32,32,0,0.0018040096667687805,0.0018040096667687805,45,45,0,-1,4,4,3,1,64,53,50
688,6,108,28,78,50,19,19,31,31,0,6,8,28,34,6,0.00010211375472276115,0.0004765308553728854,27,31,4,4,4,4,6,1,56,60,42
689,92,1732,72,100,28,54,88,55,80,25,54,88,60,80,20,0.012049423057285817,0.05752408182715545,75,98,23,1,3,2,4,8,73,17,0
690,196,196,92,92,0,144,144,88,88,0,144,144,89,89,0,0.02117158514585248,0.02117158514585248,85,85,0,-1,2,2,6,18,34,30,91
691,0,206,1,92,91,0,22,1,33,32,0,22,1,44,43,0.0,0.005684332346233704,1,54,53,3,-1,4,5,0,88,66,21
692,142,758,83,100,17,110,110,81,81,0,110,110,82,82,0,0.0123557643214541,0.015487252799618776,73,79,6,2,2,2,6,9,65,27,94
693,202,408,93,100,7,72,72,86,86,0,72,72,86,86,0,0.03179141563701964,0.034820790360461554,90,91,1,3,2,2,3,22,92,9,35
694,142,142,90,90,0,96,96,87,87,0,96,96,87,87,0,0.021511964328261683,0.021511964328261683,87,87,0,-1,2,2,3,8,87,8,81
695,6,622,29,100,71,32,90,32,42,10,6,70,29,57,28,0.00013615167296368154,0.008611593314952858,31,65,34,2,4,3,10,1,1,65,27
696,77,77,62,62,0,60,60,51,51,0,60,60,57,57,0,0.006943735321147759,0.006943735321147759,61,61,0,-1,3,3,5,8,37,57,66
697,38,654,47,100,53,106,130,57,65,8,38,130,47,79,32,0.0016338200755641784,0.02392865652336703,41,83,42,2,3,3,10,3,12,43,7
698,100,100,59,59,0,100,100,40,40,0,100,100,59,59,0,0.057728309336600975,0.06120017699717485,99,99,0,3,1,1,15,40,7,3,35
699,0,0,1,1,0,0,0,1,1,0,0,0,1,1,0,0.0,0.0,1,1,0,-1,-1,-1,3,0,60,97,99
700,77,277,74,100,26,22,22,49,49,0,22,22,50,50,0,0.015385139044896015,0.018278362095374246,79,83,4,3,3,3,2,12,93,37,72
701,100,100,76,76,0,100,100,90,90,0,100,100,90,90,0,0.04595118962524252,0.049048640185166276,95,96,1,3,1,1,4,6,72,34,22
702,12,218,40,97,57,14,18,37,37,0,12,18,40,46,6,0.0012594029749140542,0.017018959120460194,39,77,38,3,4,4,3,3,81,51,9
703,152,152,84,84,0,108,108,69,69,0,108,108,77,77,0,0.012696143503863304,0.012696143503863304,75,75,0,-1,3,3,8,14,10,14,50
704,0,616,1,100,99,0,38,1,33,32,0,16,1,34,33,0.0,0.002484768031587188,1,46,45,2,-1,3,8,0,15,89,46
705,100,100,72,72,0,100,100,87,87,0,100,100,87,87,0,0.0704584907587052,0.08049967663977671,98,98,0,2,1,1,4,27,53,10,12
706,128,128,80,80,0,220,220,82,82,0,128,128,80,80,0,0.007250076585316042,0.007250076585316042,61,61,0,-1,2,2,12,5,6,47,93
707,246,348,93,96,3,64,64,63,63,0,64,64,64,64,0,0.03179141563701964,0.0335613873855475,90,91,1,4,3,3,4,29,79,0,46
708,66,682,58,100,42,112,112,63,63,0,64,112,58,77,19,0.005616256509751864,0.017257224548146634,58,80,22,2,2,2,8,6,15,41,37
709,94,94,69,69,0,94,94,70,70,0,94,94,72,72,0,0.007011811157629599,0.007011811157629599,62,62,0,-1,2,2,5,6,37,26,98
710,132,132,81,81,0,118,118,68,68,0,132,132,82,82,0,0.01320671227747711,0.01320671227747711,74,74,0,-1,2,2,9,8,29,8,87
711,100,100,61,61,0,100,100,40,40,0,100,100,61,61,0,0.04738078219136117,0.05269069743694476,98,98,0,2,1,1,14,30,8,7,57
712,16,16,37,37,0,64,64,39,39,0,16,16,37,37,0,0.0015317063208414173,0.0015317063208414173,41,41,0,-1,3,3,8,1,10,71,45
713,46,46,59,59,0,28,28,45,45,0,28,28,50,50,0,0.007726607440688927,0.007726607440688927,64,64,0,-1,3,3,3,7,58,21,45
714,0,616,1,100,99,0,86,1,34,33,0,44,1,51,50,0.0,0.0061949011198475104,1,57,56,2,-1,3,14,0,16,85,48
715,22,22,50,50,0,22,22,55,55,0,22,22,57,57,0,0.004356853534837809,0.004356853534837809,52,52,0,-1,3,3,2,3,97,29,79
716,54,155,64,92,28,22,22,52,52,0,22,22,54,54,0,0.011300588855985567,0.011368664692467409,70,71,1,5,3,3,2,8,86,20,65
717,0,616,1,100,99,0,35,1,31,30,0,20,1,37,36,0.0,0.003880322679464924,1,49,48,2,-1,3,9,0,29,93,73
718,8,214,39,96,57,12,12,35,35,0,8,12,39,42,3,0.00176997174852786,0.009292351679771264,45,65,20,3,4,4,2,2,86,61,27
719,100,100,66,66,0,100,100,49,49,0,100,100,66,66,0,0.02913645801422785,0.04084550188910446,88,97,9,1,1,1,9,8,54,8,4
720,0,102,1,77,76,0,7,1,27,26,0,3,1,31,30,0.0,0.0002723033459273631,1,33,32,4,-1,5,4,0,84,79,56
721,18,1658,48,100,52,38,62,55,78,23,18,62,47,78,31,0.0017359338302869397,0.04411314204023282,41,96,55,1,3,2,3,2,76,61,19
722,8,110,37,81,44,18,18,38,38,0,8,10,37,38,1,0.0020082371762143027,0.0021784267674189047,46,46,0,4,4,4,3,2,81,61,60
723,0,0,1,1,0,0,0,1,1,0,0,0,1,1,0,0.0,0.0,1,1,0,-1,-1,-1,7,0,46,66,67
724,14,220,45,97,52,12,12,35,35,0,12,12,42,42,0,0.002825147213996392,0.005071649817897137,50,58,8,3,4,4,2,6,98,70,90
725,2,618,29,100,71,9,40,29,42,13,2,40,29,52,23,6.807583648184077e-05,0.00966676878042139,28,67,39,2,5,3,5,1,49,95,17
726,28,644,43,100,57,124,134,60,62,2,28,53,43,52,9,0.0025188059498281084,0.005922597773920147,47,56,9,2,3,3,14,3,16,54,73
727,6,212,29,92,63,13,30,29,34,5,6,30,29,47,18,0.00013615167296368154,0.006467204465774873,31,57,26,3,4,4,5,1,52,55,24
728,100,100,77,77,0,100,100,96,96,0,100,100,96,96,0,0.08291636883488206,0.08291636883488206,100,100,0,-1,1,1,3,29,82,0,87
729,465,1065,100,100,0,280,280,100,100,0,280,280,100,100,0,0.03621634500833929,0.04632560672589264,95,96,1,2,2,2,10,30,22,7,5
730,102,102,83,83,0,32,32,58,58,0,32,32,59,59,0,0.017495489975833077,0.017495489975833077,83,83,0,-1,3,3,2,17,68,6,59
731,6,1646,32,100,68,28,76,36,59,23,6,76,32,64,32,0.00088498587426393,0.028693965077095884,39,90,51,1,4,2,6,1,69,71,37
732,0,206,1,92,91,0,14,1,35,34,0,14,1,42,41,0.0,0.0053099152455835805,1,57,56,3,-1,4,3,1,85,45,31
733,162,264,88,93,5,64,64,60,60,0,64,64,63,63,0,0.021409850573538922,0.021546002246502605,86,86,0,4,3,3,4,15,83,16,65
734,32,32,47,47,0,80,80,42,42,0,32,32,47,47,0,0.002552843868069029,0.002552843868069029,47,47,0,-1,3,3,10,2,36,75,92
735,100,100,76,76,0,100,100,96,96,0,100,100,96,96,0,0.06324245209163007,0.06324245209163007,99,99,0,-1,1,1,3,14,87,14,82
736,104,720,77,100,23,154,164,72,76,4,104,164,77,86,9,0.010075223799312433,0.032063718982947,68,90,22,2,2,2,10,9,36,31,10
737,100,100,72,72,0,100,100,71,71,0,100,100,75,75,0,0.043704687021341775,0.05357568331120869,93,98,5,2,1,1,6,17,32,6,19
738,348,348,97,97,0,168,168,97,97,0,168,168,97,97,0,0.03631845876306205,0.03631845876306205,95,95,0,-1,2,2,6,27,51,10,67
739,210,416,94,99,5,94,94,71,71,0,94,94,72,72,0,0.019912182170938427,0.02110350930937064,84,84,0,3,2,2,5,17,63,6,54
740,0,206,1,91,90,0,16,1,28,27,0,16,1,34,33,0.0,0.00439089145307873,1,48,47,3,-1,4,4,0,67,89,34
741,145,145,83,83,0,64,64,60,60,0,64,64,63,63,0,0.01943565131556554,0.01943565131556554,83,83,0,-1,3,3,4,20,83,23,81
742,192,1792,86,100,14,320,320,95,95,0,192,240,86,89,3,0.012049423057285817,0.023622315259198747,70,87,17,1,2,2,14,7,25,21,27
743,0,206,1,92,91,0,18,1,37,36,0,18,1,46,45,0.0,0.008203138296061813,1,65,64,3,-1,4,3,0,85,99,77
744,88,88,71,71,0,48,48,60,60,0,48,48,63,63,0,0.013002484768031588,0.013002484768031588,74,74,0,-1,3,3,3,9,58,27,67
745,118,734,77,100,23,188,188,83,83,0,118,135,77,80,3,0.007386228258279724,0.009462541270975866,63,68,5,2,2,2,10,5,12,47,61
746,46,46,53,53,0,82,82,56,56,0,46,46,53,53,0,0.005412029000306341,0.005412029000306341,54,54,0,-1,2,2,7,2,62,75,69
747,100,100,70,70,0,100,100,68,68,0,100,100,73,73,0,0.03264236359304265,0.033799652813233945,90,91,1,3,1,1,6,7,48,62,52
748,18,224,47,98,51,22,22,47,47,0,18,22,50,51,1,0.003267640151128357,0.011198475101262807,52,71,19,3,3,3,2,2,89,75,14
749,164,780,88,100,12,104,104,86,86,0,104,104,87,87,0,0.02403077027808979,0.04510024166921951,86,96,10,2,2,2,5,20,49,23,9
750,142,348,87,98,11,118,118,93,93,0,118,118,93,93,0,0.0176997174852786,0.01933353756084278,80,83,3,3,2,2,5,9,45,39,52
751,170,170,90,90,0,120,120,85,85,0,120,120,85,85,0,0.019469689233806462,0.019469689233806462,84,84,0,-1,2,2,6,17,48,6,36
752,96,712,69,100,31,148,148,79,79,0,96,148,69,83,14,0.009360427516253106,0.019571802988529223,69,83,14,2,2,2,9,7,31,48,8
753,0,101,1,76,75,0,9,1,25,24,0,1,1,25,24,0.0,3.4037918240920386e-05,1,26,25,6,-1,7,9,0,23,86,58
754,0,0,1,1,0,0,0,1,1,0,0,0,1,1,0,0.0,0.0,1,1,0,-1,-1,-1,3,0,87,93,40
755,316,316,99,99,0,72,72,83,83,0,72,72,83,83,0,0.04544062085162871,0.04544062085162871,96,96,0,-1,2,2,3,40,58,3,84
756,0,206,1,86,85,0,27,1,28,27,0,8,1,30,29,0.0,0.0008169100377820892,1,37,36,3,-1,4,14,0,25,97,51
757,22,638,40,100,60,66,76,47,54,7,22,76,40,59,19,0.0035059055788147996,0.017155110793423873,46,79,33,2,3,3,6,3,71,29,5
758,100,100,60,60,0,100,100,52,52,0,100,100,60,60,0,0.05051227066952585,0.05051227066952585,98,98,0,5,1,1,9,29,29,11,58
759,6,622,31,100,69,10,34,32,55,23,6,34,31,58,27,0.00037441710065012424,0.02481364239763096,33,88,55,2,4,3,3,1,55,88,10
760,0,0,1,1,0,0,0,1,1,0,0,0,1,1,0,0.0,0.0,1,1,0,-1,-1,-1,11,0,19,99,93
761,0,0,1,1,0,0,0,1,1,0,0,0,1,1,0,0.0,0.0,1,1,0,-1,-1,-1,2,1,95,45,91
762,6,1646,29,100,71,19,132,28,63,35,6,106,29,75,46,0.00013615167296368154,0.015248987371932332,29,77,48,1,4,2,12,2,14,58,21
763,0,206,1,93,92,0,25,1,29,28,0,8,1,34,33,0.0,0.0005446066918547262,1,35,34,3,-1,4,9,0,23,91,74
764,295,295,96,96,0,112,112,93,93,0,112,112,93,93,0,0.03550154872527996,0.03550154872527996,92,92,0,-1,2,2,4,29,79,11,45
765,2,104,27,81,54,4,6,27,29,2,2,6,27,31,4,0.0,0.0021784267674189047,1,46,45,4,5,5,3,1,81,68,41
766,0,206,1,86,85,0,24,1,29,28,0,6,1,28,27,0.0,0.0002382654276864427,1,32,31,3,-1,4,11,0,5,98,49
767,78,278,69,94,25,60,60,49,49,0,60,60,59,59,0,0.014329963579427483,0.017903944994724124,77,79,2,3,3,3,5,9,88,39,38
768,1,617,25,100,75,2,22,25,46,21,1,22,25,51,26,0.00010211375472276115,0.01664454201981007,30,80,50,2,6,3,2,1,89,78,16
769,0,206,1,93,92,0,12,1,35,34,0,12,1,36,35,0.0,0.006773545729943157,1,60,59,3,-1,4,2,0,68,97,77
770,150,766,82,100,18,136,136,77,77,0,136,136,83,83,0,0.017257224548146634,0.023111746485584943,81,84,3,2,2,2,7,12,24,37,48
771,100,100,66,66,0,100,100,52,52,0,100,100,66,66,0,0.02634534871847238,0.04333026992069165,88,95,7,2,1,1,8,4,15,38,16
772,20,226,48,93,45,34,34,46,46,0,20,34,48,51,3,0.0014295925661186562,0.018925082541951733,42,82,40,3,3,3,4,3,73,43,10
773,50,666,55,100,45,64,64,63,63,0,64,64,64,64,0,0.006467204465774873,0.02365635317743967,59,86,27,2,3,3,4,6,79,26,9
774,2,618,28,100,72,12,42,30,39,9,2,24,28,48,20,0.00017018959120460194,0.0030634126416828346,31,50,19,2,5,3,6,1,44,60,70
775,66,666,63,100,37,48,48,62,62,0,48,48,64,64,0,0.008373327887266415,0.01596378365499166,66,80,14,2,3,3,3,7,64,21,27
776,174,790,83,100,17,298,298,85,85,0,174,222,83,87,4,0.012287688484972258,0.02011640968038395,68,85,17,2,2,2,16,7,9,48,77
777,178,178,88,88,0,190,190,94,94,0,190,190,94,94,0,0.018788930868988054,0.018788930868988054,81,81,0,-1,2,2,8,12,21,37,59
778,6,622,29,100,71,29,48,31,38,7,6,22,29,40,11,0.0002042275094455223,0.004356853534837809,31,52,21,2,4,3,9,1,23,65,90
779,136,136,83,83,0,90,90,67,67,0,90,90,70,70,0,0.015112835698968652,0.015112835698968652,77,77,0,-1,2,2,6,14,71,14,79
780,1,207,26,94,68,2,8,26,32,6,1,8,26,37,11,0.0,0.011947309302563056,1,74,73,3,6,4,2,1,90,68,15
781,0,102,1,74,73,0,6,1,26,25,0,2,1,26,25,0.0,0.0002042275094455223,1,30,29,4,-1,5,5,0,63,76,65
782,100,100,69,69,0,100,100,69,69,0,100,100,71,71,0,0.030736240171551108,0.03264236359304265,90,91,1,2,1,1,6,6,34,26,49
783,156,362,84,96,12,106,106,74,74,0,106,106,79,79,0,0.012525953912658701,0.01834643793185609,73,79,6,3,2,2,7,14,62,14,24
784,29,29,57,57,0,32,32,63,63,0,32,32,65,65,0,0.0046972327172470135,0.0046972327172470135,56,56,0,-1,3,3,2,4,98,22,96
785,38,38,53,53,0,118,118,69,69,0,38,38,53,53,0,0.003608019333537561,0.003608019333537561,52,52,0,-1,3,3,8,6,57,70,87
786,77,283,65,93,28,124,124,68,68,0,77,83,65,65,0,0.00789679703189353,0.009054086252084823,65,68,3,3,3,3,9,8,31,44,53
787,16,222,34,90,56,120,124,58,59,1,16,26,34,42,8,0.0020422750944552232,0.0033357159876101976,44,49,5,3,3,3,14,2,16,94,54
788,16,118,43,85,42,34,34,44,44,0,16,18,43,45,2,0.001055175465468532,0.0012594029749140542,40,42,2,4,3,3,4,1,72,49,55
789,46,148,52,81,29,114,114,60,60,0,46,48,52,52,0,0.004118588107151367,0.004118588107151367,51,51,0,4,2,2,10,2,12,83,95
790,0,206,1,88,87,0,17,1,28,27,0,6,1,28,27,0.0,0.0002382654276864427,1,31,30,3,-1,4,10,1,11,45,88
791,0,206,1,91,90,0,60,1,31,30,0,12,1,31,30,0.0,0.00176997174852786,1,41,40,3,-1,4,16,0,4,36,52
792,100,100,69,69,0,100,100,57,57,0,100,100,69,69,0,0.043364307838932574,0.06637394056979475,97,100,3,1,1,1,8,19,57,15,19
793,176,792,89,100,11,136,136,100,100,0,136,136,100,100,0,0.022396950202525613,0.03243813608359713,88,94,6,2,2,2,4,9,53,39,77
794,62,268,58,95,37,90,90,63,63,0,62,90,59,68,9,0.006399128629293032,0.010007147962830594,59,68,9,3,2,2,6,3,65,54,47
795,0,0,1,1,0,0,0,1,1,0,0,0,1,1,0,0.0,0.0,1,1,0,-1,-1,-1,6,0,74,98,96
796,76,282,70,95,25,48,48,66,66,0,48,48,67,67,0,0.008271214132543654,0.010858095918853602,66,71,5,3,3,3,3,7,76,21,22
797,0,206,1,90,89,0,16,1,32,31,0,13,1,40,39,0.0,0.0021784267674189047,1,45,44,3,-1,4,4,1,79,45,70
798,0,0,1,1,0,0,0,1,1,0,0,0,1,1,0,0.0,0.0,1,1,0,-1,-1,-1,5,1,45,50,84
799,40,142,55,85,30,62,62,75,75,0,40,42,63,63,0,0.006943735321147759,0.007113924912352361,63,63,0,4,2,2,3,3,82,46,60
800,225,225,94,94,0,152,152,94,94,0,152,152,94,94,0,0.021137547227611558,0.021137547227611558,86,86,0,-1,2,2,5,15,52,19,86
801,16,16,31,31,0,74,74,35,35,0,16,16,31,31,0,0.00037441710065012424,0.00037441710065012424,35,35,0,-1,3,3,14,1,25,49,66
802,0,101,1,76,75,0,4,1,25,24,0,1,1,25,24,0.0,0.0,1,1,0,5,-1,6,4,0,53,85,68
803,294,494,98,100,2,136,136,98,98,0,136,136,98,98,0,0.04128799482623643,0.049729398549984684,95,96,1,3,2,2,4,27,77,10,33
804,108,1748,78,100,22,96,120,67,84,17,96,120,68,86,18,0.014840532353041287,0.032880629020729094,77,92,15,1,3,2,6,9,74,39,41
805,139,139,88,88,0,32,32,58,58,0,32,32,60,60,0,0.0212056230640934,0.0212056230640934,87,87,0,-1,3,3,2,16,91,18,92
806,0,616,1,100,99,0,28,1,45,44,0,28,1,53,52,0.0,0.006126825283365669,1,55,54,2,-1,3,3,0,87,59,57
807,120,736,85,100,15,64,64,64,64,0,64,64,67,67,0,0.016168011164437182,0.027026107083290785,81,88,7,2,3,3,4,18,77,30,14
808,32,648,46,100,54,94,142,44,65,21,32,142,46,84,38,0.003199564314646516,0.025868817863099493,50,87,37,2,3,3,12,2,3,83,0
809,16,222,41,94,53,24,24,43,43,0,16,24,42,50,8,0.0007488342013002485,0.010245413390517035,36,72,36,3,3,3,3,1,55,49,39
810,0,206,1,92,91,0,18,1,35,34,0,18,1,44,43,0.0,0.005820484019197386,1,60,59,3,-1,4,3,0,82,97,21
811,8,624,38,100,62,12,22,37,53,16,8,22,38,53,15,0.001055175465468532,0.016882807447496512,38,80,42,2,4,3,2,2,99,74,16
812,78,180,59,86,27,180,180,76,76,0,78,82,59,60,1,0.007182000748834201,0.007828721195411689,59,62,3,4,2,2,11,4,33,72,51
813,0,0,1,1,0,0,0,1,1,0,0,0,1,1,0,0.0,0.0,1,1,0,-1,-1,-1,4,0,53,85,92
814,6,108,32,80,48,26,26,36,36,0,6,10,32,36,4,0.0002382654276864427,0.0012594029749140542,32,40,8,4,4,4,5,1,45,49,51
815,179,279,88,94,6,150,150,90,90,0,150,150,91,91,0,0.02277136730317574,0.0230436706491031,85,85,0,4,2,2,7,12,62,37,49
816,22,22,43,43,0,50,50,45,45,0,22,22,43,43,0,0.0008509479560230097,0.0008509479560230097,38,38,0,-1,3,3,5,2,52,56,50
817,6,622,28,100,72,20,92,28,37,9,6,83,28,59,31,0.00013615167296368154,0.008237176214302734,28,62,34,2,4,3,14,2,17,58,32
818,0,0,1,1,0,0,0,1,1,0,0,0,1,1,0,0.0,0.0,1,1,0,-1,-1,-1,9,0,35,99,92
819,184,1824,88,100,12,198,222,86,91,5,184,222,87,93,6,0.011743081793117532,0.029408761360155213,72,91,19,1,2,2,10,13,12,24,32
820,18,634,40,100,60,86,134,35,62,27,18,90,40,57,17,0.0007147962830593281,0.00980292045338507,35,67,32,2,3,3,14,2,16,56,77
821,38,38,46,46,0,128,128,60,60,0,38,38,46,46,0,0.001497668402600497,0.001497668402600497,42,42,0,-1,3,3,16,3,9,43,81
822,16,16,37,37,0,66,66,49,49,0,16,16,37,37,0,0.003914360597705844,0.003914360597705844,52,52,0,-1,3,3,6,1,41,90,36
823,0,206,1,89,88,0,34,1,32,31,0,12,1,33,32,0.0,0.0019741992579733825,1,43,42,3,-1,4,12,0,3,76,83
824,0,616,1,100,99,0,56,1,40,39,0,44,1,51,50,0.0,0.006705469893461316,1,58,57,2,-1,3,6,0,40,79,72
825,52,52,55,55,0,96,96,56,56,0,52,52,55,55,0,0.004186663943633207,0.004186663943633207,51,51,0,-1,2,2,7,6,43,70,96
826,0,102,1,82,81,0,4,1,29,28,0,4,1,31,30,0.0,0.0019741992579733825,1,46,45,4,-1,5,2,0,68,40,75
827,1,1,26,26,0,3,3,26,26,0,1,1,26,26,0,3.4037918240920386e-05,3.4037918240920386e-05,26,26,0,-1,6,6,3,2,55,58,82
828,0,0,1,1,0,0,0,1,1,0,0,0,1,1,0,0.0,0.0,1,1,0,-1,-1,-1,8,1,39,69,80
829,116,732,75,100,25,136,136,77,77,0,116,136,76,82,6,0.014329963579427483,0.02379250485040335,75,86,11,2,2,2,7,8,24,20,39
830,91,707,66,100,34,90,100,61,62,1,91,100,66,67,1,0.007590455767725246,0.012798257258586064,62,72,10,2,2,2,6,6,41,35,38
831,124,740,77,100,23,150,150,85,85,0,124,150,83,88,5,0.010415602981721638,0.01592974573675074,71,80,9,2,2,2,7,7,46,21,57
832,92,194,77,92,15,28,28,44,44,0,28,28,51,51,0,0.01589570781850982,0.01657646618332823,80,80,0,4,3,3,3,16,92,12,71
833,0,616,1,100,99,0,40,1,40,39,0,40,1,53,52,0.0,0.0212056230640934,1,85,84,2,-1,3,5,0,80,92,0
834,0,206,1,88,87,0,22,1,32,31,0,6,1,29,28,0.0,0.0004084550188910446,1,33,32,3,-1,4,9,0,54,91,49
835,164,1764,88,100,12,176,176,91,91,0,176,176,93,93,0,0.020014295925661188,0.05640083052520508,80,98,18,1,2,2,8,12,10,37,3
836,100,100,59,59,0,100,100,39,39,0,100,100,59,59,0,0.014364001497668403,0.028421661731168522,75,89,14,1,1,1,14,2,16,52,17
837,50,50,54,54,0,74,74,42,42,0,44,44,51,51,0,0.003369753905851118,0.003369753905851118,47,47,0,-1,3,3,9,6,31,41,50
838,22,22,46,46,0,28,28,44,44,0,22,22,47,47,0,0.004288777698355968,0.004288777698355968,50,50,0,-1,3,3,3,3,92,29,86
839,107,313,84,100,16,32,32,71,71,0,32,32,71,71,0,0.015146873617209572,0.01695088328397835,76,79,3,3,3,3,2,15,99,19,70
840,56,672,55,100,45,128,128,72,72,0,56,128,55,82,27,0.0061949011198475104,0.020933319718166036,56,83,27,2,2,2,9,3,35,29,16
841,234,850,90,100,10,198,198,85,85,0,198,198,88,88,0,0.02100139555464788,0.03008951972497362,84,91,7,2,2,2,10,16,22,12,33
842,152,768,84,100,16,108,108,69,69,0,108,108,77,77,0,0.012696143503863304,0.03185949147350148,75,90,15,2,3,3,8,14,10,14,9
843,100,100,67,67,0,100,100,54,54,0,100,100,67,67,0,0.027706865448109193,0.030532012662105586,88,89,1,3,1,1,8,9,27,31,41
844,0,0,1,1,0,0,0,1,1,0,0,0,1,1,0,0.0,0.0,1,1,0,-1,-1,-1,10,0,12,92,87
845,42,658,52,100,48,112,122,63,66,3,42,122,52,77,25,0.003165526396405596,0.012219612648490419,49,74,25,2,2,2,8,2,15,61,27
846,0,616,1,99,98,0,52,1,34,33,0,16,1,33,32,0.0,0.0035059055788147996,1,50,49,2,-1,3,11,0,33,89,90
847,0,616,1,100,99,0,20,1,45,44,0,16,1,41,40,0.0,0.006092787365124749,1,59,58,2,-1,3,3,1,81,69,90
848,212,412,96,100,4,38,38,51,51,0,38,38,54,54,0,0.029715102624323496,0.029851254297287178,94,94,0,3,3,3,3,29,94,11,78
849,168,374,87,97,10,152,152,94,94,0,152,152,94,94,0,0.012764219340345145,0.013649205214609075,76,77,1,3,2,2,5,7,52,21,74
850,48,1688,61,100,39,28,52,44,81,37,28,52,51,81,30,0.007113924912352361,0.041049729398549985,64,96,32,1,3,2,3,7,92,48,45
851,100,100,62,62,0,100,100,45,45,0,100,100,62,62,0,0.04915075393988903,0.04915075393988903,99,99,0,-1,1,1,12,29,3,11,81
852,304,304,96,96,0,128,128,96,96,0,128,128,96,96,0,0.04183260151809115,0.04183260151809115,96,96,0,-1,2,2,5,27,49,10,81
853,193,193,92,92,0,112,112,94,94,0,112,112,94,94,0,0.026855917492086184,0.026855917492086184,88,88,0,-1,2,2,4,17,78,6,91
854,297,897,97,100,3,88,88,81,81,0,88,88,81,81,0,0.03628442084482113,0.049559208958780084,94,96,2,2,2,2,4,29,73,1,23
855,24,230,48,95,47,46,46,45,45,0,24,46,48,56,8,0.002110350930937064,0.005956635692161067,46,57,11,3,3,3,6,3,32,43,26
856,284,900,96,100,4,256,256,96,96,0,256,256,96,96,0,0.021818305592429966,0.02740052418394091,86,88,2,2,2,2,10,18,0,30,21
857,163,369,94,100,6,56,56,84,84,0,56,56,84,84,0,0.02828551005820484,0.03352734946730658,89,94,5,3,2,2,2,19,86,15,31
858,0,206,1,88,87,0,24,1,31,30,0,9,1,35,34,0.0,0.0012594029749140542,1,39,38,3,-1,4,8,0,10,40,64
859,66,682,61,100,39,32,32,58,58,0,32,32,59,59,0,0.005582218591510943,0.018993158378433576,58,85,27,2,3,3,2,6,68,28,12
860,2,208,26,90,64,10,22,28,33,5,2,22,26,44,18,0.0002382654276864427,0.0042547397801150485,31,53,22,3,5,4,5,1,80,65,47
861,24,640,45,100,55,80,80,45,45,0,24,80,45,63,18,0.0023486163586235067,0.010858095918853602,45,68,23,2,3,3,9,3,26,54,17
862,0,616,1,100,99,0,46,1,36,35,0,29,1,50,49,0.0,0.004901460226692535,1,54,53,2,-1,3,8,0,21,86,22
863,56,56,51,51,0,156,156,72,72,0,56,56,51,51,0,0.0030293747234419145,0.0030293747234419145,48,48,0,-1,2,2,12,2,3,52,81
864,163,369,88,99,11,72,72,77,77,0,72,72,77,77,0,0.017903944994724124,0.02379250485040335,82,87,5,3,2,2,3,15,82,19,32
865,12,628,37,100,63,26,40,36,44,8,12,34,37,50,13,0.0025188059498281084,0.00793083495013445,48,65,17,2,4,3,5,2,37,75,83
866,0,206,1,90,89,0,20,1,33,32,0,20,1,45,44,0.0,0.005241839409101739,1,56,55,3,-1,4,4,0,79,97,44
867,160,360,93,100,7,32,32,63,63,0,32,32,64,64,0,0.0283876238129276,0.034105994077402224,90,95,5,3,3,3,2,27,86,10,32
868,0,102,1,82,81,0,6,1,28,27,0,4,1,32,31,0.0,0.001055175465468532,1,40,39,4,-1,5,3,0,75,91,83
869,168,784,87,100,13,128,128,69,69,0,128,128,82,82,0,0.012491915994417782,0.03631845876306205,75,92,17,2,3,3,8,14,30,32,7
870,108,209,86,96,10,32,32,69,69,0,32,32,69,69,0,0.015283025290173252,0.015385139044896015,77,78,1,5,3,3,2,14,93,14,95
871,0,0,1,1,0,0,0,1,1,0,0,0,1,1,0,0.0,0.0,1,1,0,-1,-1,-1,6,0,48,96,87
872,0,616,1,100,99,0,60,1,50,49,0,60,1,61,60,0.0,0.022022533101875488,1,84,83,2,-1,3,5,1,80,45,7
873,100,100,70,70,0,100,100,53,53,0,100,100,70,70,0,0.05371183498417237,0.05371183498417237,99,99,0,-1,1,1,9,29,31,1,99
874,219,219,93,93,0,112,112,96,96,0,112,112,96,96,0,0.02556247659893121,0.02556247659893121,87,87,0,-1,2,2,4,16,77,12,59
875,100,100,76,76,0,100,100,96,96,0,100,100,96,96,0,0.08356308928145954,0.0940127301814221,100,100,0,3,1,1,3,22,87,9,37
876,206,412,92,100,8,134,134,90,90,0,134,134,90,90,0,0.022022533101875488,0.023384049831512304,86,87,1,3,2,2,6,18,56,30,64
877,183,283,89,95,6,182,182,87,87,0,182,182,92,92,0,0.015385139044896015,0.015827631982027978,77,78,1,4,2,2,9,15,23,19,42
878,164,266,85,95,10,144,144,88,88,0,144,144,89,89,0,0.020763130126961436,0.020899281799925118,84,84,0,4,2,2,6,12,34,37,56
879,0,206,1,91,90,0,22,1,33,32,0,7,1,34,33,0.0,0.0011913271384322134,1,39,38,3,-1,4,7,0,62,40,61
880,0,206,1,93,92,0,15,1,27,26,0,6,1,28,27,0.0,0.0007147962830593281,1,36,35,3,-1,4,9,0,23,76,55
881,74,74,60,60,0,100,100,66,66,0,74,74,60,60,0,0.006671431975220395,0.006671431975220395,59,59,0,-1,2,2,6,6,44,26,96
882,10,10,36,36,0,30,30,39,39,0,10,10,36,36,0,0.0014295925661186562,0.0014295925661186562,43,43,0,-1,4,4,5,3,88,43,40
883,6,212,34,97,63,7,12,34,38,4,6,12,34,43,9,0.00010211375472276115,0.015112835698968652,29,81,52,3,4,4,2,1,97,4,23
884,100,100,78,78,0,100,100,97,97,0,100,100,97,97,0,0.08642227441369686,0.08826032199870656,99,99,0,3,1,1,3,27,96,10,54
885,0,206,1,91,90,0,16,1,32,31,0,6,1,31,30,0.0,0.0013955546478777359,1,40,39,3,-1,4,4,0,84,91,53
886,2,208,28,93,65,3,12,28,35,7,2,12,28,36,8,0.0002723033459273631,0.010517716736444398,31,72,41,3,5,4,2,1,68,65,39
887,0,616,1,100,99,0,60,1,47,46,0,60,1,60,59,0.0,0.015487252799618776,1,78,77,2,-1,3,5,0,63,92,39
888,152,358,85,100,15,100,100,71,71,0,100,100,72,72,0,0.01664454201981007,0.022430988120766535,77,86,9,3,2,2,6,13,56,33,22
889,0,616,1,100,99,0,58,1,39,38,0,58,1,60,59,0.0,0.013104598522754349,1,73,72,2,-1,3,8,0,39,80,6
890,6,212,30,92,62,16,16,31,31,0,6,16,30,36,6,0.00088498587426393,0.0018380475850097008,37,43,6,3,4,4,6,2,65,42,64
891,0,206,1,92,91,0,24,1,35,34,0,18,1,43,42,0.0,0.0033357159876101976,1,48,47,3,-1,4,6,1,69,45,35
892,6,107,32,82,50,8,8,32,32,0,6,7,32,36,4,0.0008169100377820892,0.0008169100377820892,37,37,0,6,4,4,2,1,95,71,78
893,8,624,36,100,64,26,60,36,51,15,8,60,36,61,25,0.0005105687736138058,0.027945130875795636,35,90,55,2,4,3,5,2,45,56,11
894,56,1696,50,100,50,204,238,73,79,6,56,114,50,75,25,0.005071649817897137,0.015351101126655093,53,77,24,1,2,2,15,3,7,29,72
895,0,102,1,77,76,0,20,1,28,27,0,4,1,28,27,0.0,0.0006807583648184077,1,35,34,4,-1,5,11,0,33,98,51
896,168,1808,87,100,13,318,342,91,95,4,168,270,87,95,8,0.012662105585622384,0.02818339630348208,73,89,16,1,2,2,16,6,4,77,39
897,64,270,57,94,37,76,76,54,54,0,64,76,59,65,6,0.008577555396711936,0.011811157629599374,64,71,7,3,3,3,6,4,56,22,47
898,40,40,47,47,0,66,66,44,44,0,40,40,47,47,0,0.003437829742332959,0.003437829742332959,46,46,0,-1,2,2,6,1,51,71,98
899,0,206,1,89,88,0,30,1,33,32,0,14,1,35,34,0.0,0.0030293747234419145,1,49,48,3,-1,4,9,0,28,99,73
900,344,960,96,100,4,352,352,96,96,0,352,352,96,96,0,0.02644746247319514,0.02995336805200994,88,90,2,2,2,2,13,15,13,16,75
901,16,16,36,36,0,56,56,39,39,0,16,16,36,36,0,0.0007147962830593281,0.0007147962830593281,36,36,0,-1,3,3,9,2,35,42,59
902,38,38,47,47,0,84,84,46,46,0,38,38,47,47,0,0.0025188059498281084,0.0025188059498281084,46,46,0,-1,3,3,9,6,54,70,96
903,82,288,74,98,24,56,56,84,84,0,56,56,84,84,0,0.01681473161101467,0.018278362095374246,78,82,4,3,2,2,2,6,86,34,52
904,104,720,77,100,23,154,154,72,72,0,104,154,77,85,8,0.010075223799312433,0.014227849824704722,68,78,10,2,2,2,10,9,36,31,29
905,46,46,52,52,0,98,98,52,52,0,46,46,53,53,0,0.0029612988869600733,0.0029612988869600733,46,46,0,-1,2,2,9,2,31,52,45
906,16,632,35,100,65,26,44,37,43,6,16,44,35,49,14,0.0011913271384322134,0.01575955614554614,37,80,43,2,3,3,4,1,67,49,23
907,86,86,60,60,0,142,142,66,66,0,86,86,60,60,0,0.009122162088566664,0.009122162088566664,69,69,0,-1,3,3,12,6,3,34,36
908,38,1678,48,100,52,184,218,67,71,4,38,218,48,89,41,0.004152626025392287,0.025154021580040164,52,85,33,1,3,2,14,6,16,70,15
909,82,183,71,91,20,38,38,57,57,0,38,38,59,59,0,0.012219612648490419,0.012253650566731339,75,75,0,5,3,3,3,8,55,20,65
910,6,107,30,77,47,12,12,30,30,0,6,7,30,35,5,0.0002042275094455223,0.0002382654276864427,32,32,0,5,4,4,4,1,53,55,95
911,0,1640,1,100,99,0,62,1,47,46,0,60,1,59,58,0.0,0.022396950202525613,1,87,86,1,-1,2,6,1,34,69,26
912,12,218,37,94,57,18,18,40,40,0,12,18,37,45,8,0.0006126825283365669,0.0035739814152966403,35,51,16,3,4,4,3,2,55,63,29
913,68,1708,64,100,36,48,72,59,78,19,48,72,63,79,16,0.009632730862180468,0.06453589298478506,71,97,26,1,3,2,3,7,75,48,0
914,100,100,61,61,0,100,100,40,40,0,100,100,61,61,0,0.03652268627250757,0.03655672419074849,94,94,0,4,1,1,14,19,8,15,55
915,0,616,1,100,99,0,33,1,35,34,0,20,1,40,39,0.0,0.001940161339732462,1,43,42,2,-1,3,8,0,10,82,43
916,100,100,69,69,0,100,100,66,66,0,100,100,75,75,0,0.04036897103373158,0.0407433881343817,96,96,0,3,1,1,6,13,51,33,49
917,0,616,1,100,99,0,64,1,40,39,0,40,1,47,46,0.0,0.006433166547533953,1,58,57,2,-1,3,8,0,42,80,62
918,49,151,62,93,31,18,18,47,47,0,18,18,49,49,0,0.004969536063174376,0.005650294427992784,54,59,5,4,3,3,2,4,99,22,78
919,24,24,46,46,0,42,42,40,40,0,24,24,46,46,0,0.00176997174852786,0.00176997174852786,43,43,0,-1,3,3,6,3,34,43,59
920,40,141,55,87,32,52,52,74,74,0,40,41,61,61,0,0.006671431975220395,0.006671431975220395,60,60,0,5,2,2,3,2,58,94,78
921,158,364,85,96,11,80,80,53,53,0,80,80,60,60,0,0.010858095918853602,0.012594029749140543,72,75,3,3,3,3,5,14,52,32,83
922,38,38,45,45,0,66,66,44,44,0,38,38,45,45,0,0.002995336805200994,0.002995336805200994,44,44,0,-1,3,3,6,6,51,70,69
923,7,109,37,84,47,8,8,32,32,0,7,8,37,37,0,0.00034037918240920387,0.002314578440382586,33,45,12,4,4,4,2,2,95,56,41
924,124,740,80,100,20,198,208,85,87,2,124,208,80,88,8,0.012219612648490419,0.02729841042921815,71,90,19,2,2,2,10,6,22,77,23
925,100,100,71,71,0,100,100,76,76,0,100,100,77,77,0,0.031212771026923995,0.04084550188910446,91,95,4,3,1,1,5,2,50,42,39
926,1,103,26,78,52,4,8,26,31,5,1,3,26,32,6,3.4037918240920386e-05,0.0002723033459273631,26,33,7,4,6,5,4,2,47,58,56
927,0,616,1,100,99,0,60,1,50,49,0,60,1,61,60,0.0,0.021920419347152727,1,84,83,2,-1,3,5,0,80,97,7
928,0,101,1,86,85,0,2,1,24,23,0,1,1,24,23,0.0,3.4037918240920386e-05,1,25,24,7,-1,8,2,0,97,86,58
929,16,632,41,100,59,27,60,40,54,14,16,60,41,59,18,0.0004765308553728854,0.029919330133769018,35,87,52,2,3,3,5,1,70,4,11
930,0,102,1,76,75,0,11,1,26,25,0,2,1,26,25,0.0,0.0002042275094455223,1,30,29,4,-1,5,9,0,23,84,4
931,0,0,1,1,0,0,0,1,1,0,0,0,1,1,0,0.0,0.0,1,1,0,-1,-1,-1,16,0,4,81,50
932,0,616,1,100,99,0,43,1,29,28,0,18,1,39,38,0.0,0.0020422750944552232,1,43,42,2,-1,3,14,0,25,85,83
933,174,275,90,96,6,190,190,93,93,0,190,190,94,94,0,0.01950372715204738,0.019571802988529223,82,82,0,5,2,2,8,12,39,37,78
934,187,393,89,98,9,128,128,92,92,0,128,128,92,92,0,0.020661016372238675,0.02723033459273631,83,90,7,3,2,2,5,15,50,19,24
935,124,124,78,78,0,260,260,77,77,0,124,124,78,78,0,0.010245413390517035,0.010245413390517035,67,67,0,-1,2,2,17,6,20,34,59
936,216,317,93,96,3,116,116,76,76,0,116,116,80,80,0,0.022328874366043774,0.022328874366043774,84,84,0,5,2,2,7,19,62,15,68
937,1,617,26,100,74,2,22,26,48,22,1,22,26,52,26,0.0,0.01058579257292624,1,72,71,2,6,3,2,1,90,68,17
938,78,694,61,100,39,100,114,55,66,11,78,114,61,79,18,0.006637394056979475,0.01674665577453283,62,80,18,2,3,3,9,8,23,57,19
939,0,616,1,100,99,0,60,1,48,47,0,60,1,56,55,0.0,0.015487252799618776,1,79,78,2,-1,3,5,0,50,98,6
940,16,222,42,93,51,22,22,42,42,0,16,22,42,45,3,0.00353994349705572,0.004356853534837809,52,55,3,3,3,3,2,1,68,90,43
941,40,656,51,100,49,76,94,46,51,5,40,94,51,64,13,0.0020422750944552232,0.015112835698968652,44,77,33,2,2,2,9,1,35,49,30
942,74,175,72,93,21,32,32,69,69,0,32,32,69,69,0,0.014432077334150244,0.014466115252391163,75,76,1,5,3,3,2,9,93,39,65
943,0,206,1,93,92,0,14,1,33,32,0,14,1,40,39,0.0,0.003267640151128357,1,48,47,3,-1,4,3,0,60,93,22
944,118,118,82,82,0,110,110,81,81,0,110,110,85,85,0,0.01330882603219987,0.01330882603219987,76,76,0,-1,2,2,6,9,32,27,36
945,0,102,1,76,75,0,15,1,27,26,0,2,1,26,25,0.0,0.0005105687736138058,1,33,32,4,-1,5,9,0,54,91,42
946,60,676,55,100,45,76,86,54,58,4,60,86,55,62,7,0.008441403723748256,0.013104598522754349,65,74,9,2,3,3,6,5,41,25,35
947,100,100,65,65,0,100,100,45,45,0,100,100,65,65,0,0.026209197045508698,0.0368971033731577,88,94,6,2,1,1,10,8,12,17,30
948,214,214,93,93,0,104,104,73,73,0,104,104,79,79,0,0.022022533101875488,0.022022533101875488,88,88,0,-1,2,2,5,16,52,18,86
949,16,632,37,100,63,78,88,49,51,2,16,88,37,64,27,0.0030293747234419145,0.01317267435923619,52,74,22,2,3,3,8,3,21,46,33
950,373,373,99,99,0,120,120,99,99,0,120,120,99,99,0,0.05265665951870384,0.05265665951870384,97,97,0,-1,2,2,3,36,75,2,67
951,100,100,74,74,0,100,100,80,80,0,100,100,80,80,0,0.07777664318050308,0.08005718370264475,100,100,0,3,1,1,5,40,45,3,70
952,8,624,34,100,66,10,28,31,44,13,8,28,34,51,17,0.000442492937131965,0.015419176963136935,33,77,44,2,4,3,3,2,94,63,12
953,493,493,99,99,0,272,272,100,100,0,272,272,100,100,0,0.03897341638585384,0.03897341638585384,95,95,0,-1,2,2,8,30,42,7,84
954,2,618,28,100,72,5,38,28,54,26,2,38,28,57,29,0.00017018959120460194,0.024609414888185438,31,87,56,2,5,3,3,1,76,65,1
955,41,657,56,100,44,28,38,44,58,14,28,38,51,61,10,0.005105687736138058,0.029578950951359814,53,91,38,2,3,3,3,6,92,35,0
956,100,100,71,71,0,100,100,76,76,0,100,100,77,77,0,0.06419551380237584,0.06637394056979475,99,99,0,3,1,1,5,29,50,0,73
957,70,70,62,62,0,80,80,66,66,0,70,70,64,64,0,0.005241839409101739,0.005241839409101739,58,58,0,-1,3,3,5,6,63,28,86
958,67,67,64,64,0,38,38,49,49,0,38,38,54,54,0,0.007488342013002485,0.007488342013002485,60,60,0,-1,3,3,3,8,87,44,81
959,114,114,76,76,0,64,64,60,60,0,64,64,63,63,0,0.00888389666088022,0.00888389666088022,68,68,0,-1,3,3,4,9,83,31,97
960,174,790,87,100,13,110,110,78,78,0,110,110,82,82,0,0.018040096667687803,0.02900030634126417,79,89,10,2,2,2,6,16,51,12,30
961,244,860,94,100,6,222,222,90,90,0,222,222,95,95,0,0.021137547227611558,0.02651553830967698,85,88,3,2,2,2,10,18,36,5,72
962,0,101,1,86,85,0,2,1,24,23,0,1,1,24,23,0.0,6.807583648184077e-05,1,27,26,6,-1,7,2,0,97,99,95
963,52,153,65,93,28,22,22,54,54,0,22,22,54,54,0,0.007284114503556962,0.007284114503556962,64,64,0,6,3,3,2,7,99,21,58
964,6,6,29,29,0,25,25,29,29,0,6,6,29,29,0,0.00037441710065012424,0.00037441710065012424,32,32,0,-1,4,4,12,1,3,55,40
965,91,193,68,90,22,90,90,63,63,0,90,90,69,69,0,0.008475441641989176,0.008679669151434699,65,65,0,4,2,2,6,8,65,44,56
966,0,206,1,94,93,0,14,1,31,30,0,14,1,40,39,0.0,0.002382654276864427,1,45,44,3,-1,4,3,0,96,89,22
967,16,632,36,100,64,38,56,35,39,4,16,38,36,48,12,0.0005786446100956465,0.0045270431260424114,37,54,17,2,3,3,8,1,39,60,75
968,57,159,67,89,22,38,38,52,52,0,38,38,55,55,0,0.007147962830593281,0.00789679703189353,65,66,1,4,3,3,3,8,66,44,74
969,492,592,98,99,1,400,400,99,99,0,400,400,99,99,0,0.041594336090404714,0.04169644984512747,95,95,0,4,2,2,13,29,13,0,60
970,184,184,88,88,0,182,182,91,91,0,182,182,92,92,0,0.019776030497974745,0.019776030497974745,82,82,0,-1,2,2,9,12,35,37,40
971,260,876,93,100,7,272,272,94,94,0,272,272,94,94,0,0.021035433472888797,0.02631131080023146,86,88,2,2,2,2,11,17,33,6,22
972,182,182,86,86,0,150,150,74,74,0,150,150,82,82,0,0.012900371013308825,0.012900371013308825,73,73,0,-1,3,3,10,14,12,14,67
973,0,616,1,99,98,0,56,1,34,33,0,16,1,36,35,0.0,0.0018040096667687805,1,42,41,2,-1,3,11,1,19,69,53
974,582,582,100,100,0,368,368,98,98,0,368,368,98,98,0,0.04789135096497498,0.04789135096497498,99,99,0,-1,2,2,14,36,17,2,69
975,0,101,1,81,80,0,3,1,24,23,0,1,1,24,23,0.0,0.00017018959120460194,1,31,30,5,-1,6,3,1,96,50,55
976,42,642,58,100,42,48,48,64,64,0,48,48,66,66,0,0.00980292045338507,0.03870111303992648,66,95,29,2,3,3,3,5,85,25,2
977,0,101,1,79,78,0,5,1,24,23,0,1,1,24,23,0.0,3.4037918240920386e-05,1,26,25,5,-1,6,5,0,45,85,95
978,58,674,69,100,31,22,32,49,68,19,22,32,53,68,15,0.008373327887266415,0.01783586915824228,68,83,15,2,3,3,2,13,90,24,77
979,0,206,1,90,89,0,34,1,29,28,0,9,1,33,32,0.0,0.0013274788113958951,1,40,39,3,-1,4,13,0,13,36,54
980,255,356,95,97,2,288,288,95,95,0,288,288,95,95,0,0.017393376221110316,0.017427414139351238,80,80,0,5,2,2,12,15,6,19,78
981,0,0,1,1,0,0,0,1,1,0,0,0,1,1,0,0.0,0.0,1,1,0,-1,-1,-1,9,0,29,89,59
982,100,100,66,66,0,100,100,66,66,0,100,100,69,69,0,0.04043704687021342,0.04843595765682971,96,98,2,2,1,1,7,18,62,5,48
983,38,244,46,93,47,100,100,45,45,0,38,57,46,51,5,0.0012594029749140542,0.0053439531638245,39,52,13,3,3,3,10,4,0,64,73
984,84,290,71,99,28,72,72,85,85,0,72,72,85,85,0,0.012968446849790666,0.015351101126655093,74,77,3,3,2,2,3,6,94,26,90
985,0,206,1,91,90,0,12,1,31,30,0,6,1,31,30,0.0,0.002757071377514551,1,47,46,3,-1,4,4,0,84,82,90
986,88,688,64,100,36,152,152,80,80,0,88,152,64,87,23,0.008509479560230097,0.029306647605432452,64,88,24,2,2,2,8,4,30,72,7
987,92,298,72,97,25,54,54,55,55,0,54,54,60,60,0,0.012049423057285817,0.01783586915824228,75,81,6,3,3,3,4,8,73,17,48
988,489,489,99,99,0,272,272,99,99,0,272,272,99,99,0,0.041083767316790906,0.041083767316790906,95,95,0,-1,2,2,8,30,15,7,87
989,83,83,71,71,0,64,64,68,68,0,64,64,70,70,0,0.01507879778072773,0.01507879778072773,79,79,0,-1,3,3,4,9,78,39,79
990,112,728,75,100,25,220,220,82,82,0,112,148,75,85,10,0.009122162088566664,0.013070560604513427,68,72,4,2,2,2,12,4,6,38,28
991,372,578,100,100,0,96,96,87,87,0,96,96,87,87,0,0.05262262160046292,0.05606045134279587,97,97,0,3,2,2,3,36,87,2,26
992,100,100,68,68,0,100,100,57,57,0,100,100,68,68,0,0.0425814357193914,0.04503216583273767,96,96,0,3,1,1,8,20,39,23,41
993,138,754,82,100,18,190,190,92,92,0,138,190,82,93,11,0.008577555396711936,0.02028659927158855,63,84,21,2,2,2,8,6,42,28,39
994,86,188,72,90,18,54,54,60,60,0,54,54,62,62,0,0.008509479560230097,0.009190237925048503,66,67,1,4,3,3,4,7,78,21,51
995,22,22,38,38,0,48,48,34,34,0,22,22,38,38,0,0.0006467204465774873,0.0006467204465774873,34,34,0,-1,3,3,9,2,29,63,36
996,122,122,81,81,0,148,148,78,78,0,122,122,83,83,0,0.013513053541645392,0.013513053541645392,73,73,0,-1,2,2,9,8,23,8,82
997,60,60,62,62,0,60,60,51,51,0,60,60,62,62,0,0.006535280302256714,0.006535280302256714,60,60,0,-1,3,3,5,5,80,47,82
998,217,317,97,99,2,32,32,63,63,0,32,32,64,64,0,0.03100854351747847,0.03209775690118792,94,94,0,4,3,3,2,30,86,7,75
999,0,616,1,100,99,0,18,1,47,46,0,18,1,48,47,0.0,0.009632730862180468,1,69,68,2,-1,3,2,0,93,59,64
